183

1009

656

1045

550
356
161
142
891
176
310
385
239
64
1022
648
166
919
974
391
365
44
358
424
305
309
355
370
433
394
395
439
440
441
326
340
344
398
83
86
393
376
31
70
92
100
102
315
320
327
328
334
351
362
371
375
392
382
403
404
408
421
528
345
331
380
591
436
519
360
1067
11
791
474
810
301
29
19
384
169
625
115
113
389
400
341
444
464
467
316
321
325
324
476
477
479
489
419
422
429
468
372
381
383
386
405
338
317
369
377
423
357
494
482
396
278
451
543
811
431
460
388
402
435
524
425
237
267
264
387
126
238
206
182
178
236
179
378
123
41
434
925
172
332
420
428
430
496
900
426
745
287
2
399
13
261
270
28
224
418
152
119
173
167
186
788
790
645
647
690
691
335
329
354
298
368
373
143
209
193
205
411
692
361
634
220
410
449
407
409
252
711
469
286
511
217
219
455
456
140
151
144
560
551
552
562
620
233
249
251
352
343
349
359
348
364
366
190
518
478
163
132
133
134
130
131
137
154
160
191
192
203
162
170
187
185
201
168
174
188
196
207
159
210
280
281
282
276
283
285
223
292
175
198
200
211
212
213
204
227
231
235
246
247
257
628
273
284
289
291
330
333
630
263
290
293
549
561
484
623
783
522
525
218
427
145
184
311
299
302
313
147
303
314
307
742
414
446
448
447
452
453
457
194
750
437
686
785
679
772
762
765
768
779
775
769
787
899
906
782
902
904
288
139
148
214
294
319
322
268
266
269
222
470
475
265
510
458
462
216
746
776
777
135
136
165
242
155
158
199
197
202
225
374
234
521
666
672
808
747
417
171
379
617
412
488
459
461
215
63
12
16
36
22
149
5
271
46
66
72
42
255
487
454
481
502
503
491
493
498
499
500
501
495
721
725
753
406
497
295
300
306
254
515
258
240
241
245
250
260
275
248
413
339
347
350
353
438
442
509
472
506
516
715
809
816
279
297
883
104
68
91
153
156
505
490
346
492
363
483
507
508
512
416
243
244
256
917
929
189
473
652
514
60
15
631
51
39
226
76
10
8
9
69
7
52
77
59
75
37
27
3
1
21
45
18
23
24
25
14
40
79
81
73
32
33
34
35
48
49
62
53
54
55
56
57
71
30
74
84
78
88
89
108
117
109
110
94
98
90
118
125
124
101
106
103
649
632
729
127
112
50
58
99
82
85
116
114
128
96
6
65
689
61
47
517
97
43
38
20
26
17
4
259
920
93
95
105
707
638
642
513
337
659
661
662
663
660
466
653
262
296
698
658
654
657
534
533
667
668
670
674
682
685
651
443
480
597
665
695
701
673
681
684
697
675
624
696
703
676
677
713
445
793
669
710
450
304
308
671
699
678
397
401
749
120
504
664
80
129
714
336
111
272
150
1079
688
181
901
702
635
704
705
706
709
916
723
719
722
680
683
914
814
720
908
927
926
928
938
930
836
913
936
724
727
726
922
924
933
946
950
966
989
994
1000
1008
1017
992
1073
986
1061
1070
1049
1064
918
984
1065
121
655
789
107
800
952
760
770
771
774
756
754
755
958
757
730
764
767
766
945
972
700
731
732
733
962
735
744
977
953
961
965
975
982
979
967
983
784
752
759
780
786
797
804
795
802
803
963
807
951
1051
947
949
990
964
980
805
884
993
806
855
856
869
875
871
863
277
323
180
728
342
693
694
432
465
318
892
177
221
253
157
486
761
763
717
367
1074
87
650
921
940
1095
195
229
230
67
773
712
141
164
734
708
390
138
228
618
208
274
548
568
485
569
570
540
541
537
555
556
580
553
567
544
587
590
559
520
523
538
526
539
546
547
572
577
627
593
531
532
594
536
592
545
554
563
527
529
738
579
557
530
718
558
566
739
743
535
640
748
741
854
542
581
626
687
573
578
571
600
574
575
576
583
584
601
598
602
606
610
615
616
613
605
607
644
629
608
637
619
621
622
736
737
603
604
609
827
612
633
586
588
611
639
643
614
860
589
1076
599
636
792
796
1034
1036
582
415
1016
859
905
832
838
817
857
866
813
821
822
824
825
828
833
843
847
829
830
818
819
862
850
864
867
868
820
876
988
844
1062
826
943
944
834
893
835
858
882
873
837
851
1078
1025
1027
1089
1006
1040
1023
1011
999
1003
995
998
1005
1019
1020
1035
1037
1038
1039
1041
1042
1052
1053
1075
1077
1084
1085
1088
1055
1058
1012
1047
1028
1072
1054
1083
1066
1081
1043
1007
1046
1080
1056
1090
1091
1031
1048
1082
1069
1094
1063
1030
1033
879
1071
1014
909
1068
870
1093
889
1013
878
852
865
740
146
758
1087
872
881
471
232
874
463
1015
641
1092
585
716

122

751
890
887
845
846
942
895
898
885
886
1024
888
923
853
877
1001
1004
907
798
839
840
841
842
848
849
861
815
911
912
646
896
897
968
969
970
971
976
981
996
997
1002
799
812
935
937
985
954
955
1018
1021
1026
956
957
987
1057
1044
1050
1059
1060
910
915
880
931
794
894
973
932
934
959
991
1010
978
801
960
948
823
939
941
831
1029
1032

312

564
595
565
596

1086

778

781

903

