350
term		tfidf
68		0.0205614425828
79		0.0205614425828
109		0.0434521539394
169		0.0357046254218
185		0.0362251647501
193		0.0636562549393
214		0.0424239074217
228		0.0354337053582
234		0.0531505580374
245		0.0305641157262
248		0.0583379711566
253		0.0583379711566
311		0.0507242525305
428		0.0514570294727
438		0.0177168526791
468		0.0267771022197
477		0.023710301532
503		0.0280147108399
528		0.0477421912045
610		0.0318281274697
615		0.0514570294727
623		0.0260949032075
638		0.0876235117732
675		0.0345733400168
679		0.0532869459066
721		0.0177168526791
746		0.0430789789444
768		0.0532869459066
823		0.0583379711566
865		0.106573891813
866		0.0159140637348
907		0.0394429296488
918		0.0339551409934
1010		0.0583379711566
1012		0.0532869459066
1018		0.380306740185
1033		0.0927757555893
1090		0.0339551409934
1155		0.0318281274697
1309		0.0583379711566
1384		0.0708674107165
1417		0.0499327931387
1421		0.0737120006202
1510		0.0305641157262
1567		0.0446032152784
1591		0.0788858592976
1602		0.0376401407045
1652		0.0253621262653
1666		0.0192410890132
1697		0.0253621262653
1713		0.035155152748
1727		0.0477421912045
1782		0.0318281274697
1786		0.080331306659
1791		0.035155152748
1797		0.0485761534228
1803		0.0554662537633
1863		0.0477421912045
1920		0.0384821780264
2016		0.0245706668734
2053		0.0205614425828
2067		0.0253621262653
2072		0.0217260769697
2096		0.0227678779291
2097		0.0322159404595
2139		0.0548305135542
2146		0.0217260769697
2152		0.0384821780264
2155		0.0532869459066
2218		0.0329487174017
2240		0.0310036531431
2315		0.0554662537633
2328		0.0253621262653
2362		0.0499327931387
2439		0.0310036531431
2446		0.0227678779291
2461		0.0384821780264
2532		0.0137076283886
2545		0.0384821780264
2609		0.0708674107165
2621		0.0318281274697
2627		0.0310036531431
2646		0.0305641157262
2695		0.0342690709714
2752		0.0424239074217
2774		0.0339551409934
2790		0.0463878777947
2795		0.0364755063177
2816		0.028579891164
2818		0.023710301532
2833		0.0177168526791
2872		0.0611282314525
2925		0.0260949032075
2966		0.0532869459066
3060		0.0697370500685
3081		0.0399775443727
3245		0.0651782309091
3299		0.0159140637348
3369		0.0217260769697
3475		0.070310305496
3523		0.0280147108399
3613		0.0583379711566
3618		0.0159140637348
3627		0.0217260769697
3664		0.0280147108399
3695		0.0514570294727
3706		0.0364755063177
3715		0.0159140637348
3771		0.0192410890132
3807		0.0485761534228
3834		0.0474206030639
3906		0.038070119915
3977		0.0159140637348
3982		0.0840441325198
3985		0.0227678779291
3995		0.0554662537633
4000		0.0137076283886
4012		0.0477421912045
4091		0.0434521539394
4092		0.0769643560527
4116		0.0477421912045
4151		0.0267771022197
4295		0.0280147108399
4307		0.0454363785016
4322		0.0714092508436
4325		0.0217260769697
4393		0.0434521539394
4535		0.164743587009
4596		0.0205614425828
4658		0.0384821780264
4664		0.0438117558866
4733		0.0245706668734
4764		0.0177168526791
4771		0.0434521539394
4813		0.0159140637348
4814		0.0318281274697
4832		0.0485761534228
4838		0.0583379711566
4848		0.0217260769697
4875		0.0739158833846
4882		0.0325891154545
4930		0.0245706668734
4943		0.0217260769697
4947		0.0108630384848
5163		0.0108630384848
5187		0.164491540663
5188		0.213948810084
5250		0.0177168526791
5275		0.0205614425828
5288		0.0424239074217
5327		0.0159140637348
5467		0.0583379711566
5478		0.0560294216799
5522		0.0399775443727
5638		0.0217260769697
5713		0.0554662537633
5740		0.0205614425828
5759		0.0454363785016
5777		0.0362251647501
5783		0.0192410890132
5847		0.0583379711566
5894		0.0583379711566
5909		0.0296216921234
5939		0.0253621262653
5950		0.0159140637348
5959		0.030104127498
5981		0.0583379711566
5993		0.0108630384848
6017		0.0329487174017
6096		0.0108630384848
6103		0.0554662537633
6245		0.0394429296488
6307		0.0554662537633
6319		0.0857396734919
6329		0.17501391347
6347		0.0417223392285
6371		0.0318281274697
6418		0.028579891164
6479		0.0454363785016
6497		0.0322159404595
6504		0.0260949032075
6570		0.0177168526791
6579		0.0583379711566
6598		0.0159140637348
6703		0.0577232670395
6721		0.0159140637348
6746		0.106301116075
6747		0.0339551409934
6757		0.0217260769697
6796		0.0384821780264
6821		0.0369579416923
6861		0.0159140637348
6862		0.0217260769697
6863		0.0438117558866
6881		0.0137076283886
6910		0.0192410890132
6929		0.0560294216799
6942		0.0454363785016
7026		0.028579891164
7063		0.0532869459066
7075		0.0532869459066
7086		0.0714092508436
7099		0.0108630384848
7108		0.0305641157262
7128		0.0177168526791
7131		0.0217260769697
7182		0.0
7189		0.0342690709714
7295		0.0514570294727
7296		0.028579891164
7302		0.0430789789444
7308		0.0267771022197
7337		0.0384821780264
7394		0.102807212914
7396		0.0274152567771
7418		0.0959533987199
7459		0.0108630384848
7461		0.0177168526791
7490		0.0417223392285
7690		0.0430789789444
7706		0.0781395093077
7738		0.0159140637348
7740		0.028579891164
7772		0.139163633384
7855		0.04797669936
7930		0.0692010096414
7959		0.0532869459066
7962		0.0376401407045
7993		0.0318281274697
8002		0.0205614425828
8024		0.0274152567771
8066		0.0159140637348
8069		0.023710301532
8112		0.0438117558866
8124		0.0399775443727
8125		0.0137076283886
8147		0.0371906103977
8153		0.0108630384848
8214		0.0205614425828
8226		0.0
8243		0.035155152748
8254		0.0434521539394
8271		0.028579891164
8386		0.0205614425828
8388		0.0514570294727
8415		0.033630916414
8434		0.196565334987
8608		0.0354337053582
8676		0.0205614425828
8686		0.0253621262653
8700		0.0364755063177
8728		0.0217260769697
8764		0.0485761534228
8782		0.0840441325198
8784		0.0364755063177
8792		0.0108630384848
8844		0.0274152567771
8851		0.0274152567771
8863		0.130356461818
8864		0.0916923471787
8871		0.023710301532
8891		0.0245706668734
9042		0.0280147108399
9150		0.1400735542
9168		0.033630916414
9183		0.0499327931387
9190		0.0291145058879
9194		0.0205614425828
9241		0.0
9242		0.0
9337		0.0159140637348
9449		0.0384821780264
9503		0.0322159404595
9517		0.0535542044394
9526		0.0192410890132
9529		0.0291145058879
9564		0.0137076283886
9648		0.0384821780264
9687		0.0318281274697
9693		0.0310036531431
9739		0.0583379711566
9740		0.0364755063177
9809		0.0514570294727
9816		0.0329487174017
9817		0.0760863787958
9899		0.0159140637348
9910		0.0485761534228
9941		0.0438117558866
9976		0.0711309045959
10025		0.0582290117758
10032		0.0339551409934
10057		0.0205614425828
10082		0.0260949032075
10173		0.0192410890132
10210		0.0
10305		0.0404847306082
10318		0.0227678779291
10350		0.0354337053582
10354		0.0345733400168
10366		0.0245706668734
10370		0.0430789789444
10464		0.0417223392285
10489		0.0795703186742
10510		0.0582290117758
10538		0.0455357558582
10539		0.023710301532
10585		0.0411228851657
10637		0.0474206030639
10640		0.0205614425828
10650		0.0177168526791
10705		0.0417223392285
10742		0.0876235117732
10765		0.0658974348035
10772		0.0424239074217
10814		0.0217260769697
10860		0.0577232670395
10913		0.00685381419428
10946		0.0583379711566
10955		0.0371906103977
10960		0.101448505061
10985		0.0369579416923
11000		0.0260949032075
11011		0.0310036531431
11019		0.0434521539394
11062		0.0291145058879
11064		0.0267771022197
11086		0.038070119915
11118		0.0548305135542
11144		0.0137076283886
11173		0.0411228851657
11323		0.0554662537633
11348		0.0411228851657
11371		0.00685381419428
11420		0.0532869459066
11535		0.0583379711566
11538		0.0876235117732
11615		0.0532869459066
11638		0.0455357558582
11727		0.0339551409934
11778		0.0499327931387
11835		0.0217260769697
11853		0.0362251647501
11899		0.0217260769697
11965		0.0376401407045
12038		0.0384821780264
12044		0.0137076283886
12057		0.0692010096414
12058		0.028579891164
12062		0.0305641157262
12122		0.0
