400
term		tfidf
15		0.0288303243873
21		0.042973435797
29		0.125853495859
70		0.0616936589792
76		0.0170218439524
102		0.0545697283831
109		0.0384404325164
114		0.0236886620694
118		0.17240752411
183		0.0387585583889
199		0.0768808650327
201		0.022436887813
234		0.0313468225655
239		0.0490688398945
287		0.0247835263359
301		0.0278000175901
328		0.0545697283831
333		0.0291484502598
365		0.0192202162582
391		0.0839023305729
438		0.0470202338483
451		0.0434734288729
468		0.0236886620694
478		0.0140785539404
495		0.0270388857969
505		0.0236886620694
506		0.0278000175901
558		0.018189909461
575		0.0626936451311
623		0.0461702942122
648		0.0410375533611
655		0.0576606487745
698		0.0358152683768
717		0.0252835194119
729		0.0490688398945
763		0.0358152683768
776		0.0901163823382
815		0.0332987701985
857		0.0300387941127
866		0.0422356618211
932		0.0170218439524
956		0.0311003978928
1039		0.0252835194119
1093		0.181276713846
1095		0.0455220349191
1123		0.061219444838
1149		0.0384404325164
1155		0.0140785539404
1159		0.0410375533611
1175		0.0789174635309
1177		0.0121266063074
1181		0.0257564722889
1225		0.0471408908977
1322		0.0294554114883
1323		0.0515129445777
1509		0.0441736022495
1541		0.0551481494523
1590		0.0281571078807
1613		0.0340436879048
1632		0.0545697283831
1727		0.0140785539404
1844		0.0332987701985
1855		0.0308468294896
1863		0.0140785539404
1926		0.0121266063074
1939		0.0121266063074
2009		0.144151621936
2072		0.0192202162582
2082		0.0582969005196
2119		0.020141857094
2132		0.0727596378442
2146		0.0192202162582
2232		0.0242532126147
2251		0.0358152683768
2260		0.034893627541
2264		0.0473773241389
2339		0.0121266063074
2358		0.0242532126147
2375		0.035366580418
2416		0.109139456766
2419		0.0820751067222
2430		0.0192202162582
2532		0.0121266063074
2545		0.0680873758097
2563		0.020141857094
2584		0.0490688398945
2615		0.0209755826432
2643		0.0278000175901
2659		0.0262051602477
2663		0.0336791561018
2670		0.0170218439524
2672		0.0551481494523
2691		0.0311003978928
2694		0.0401957989014
2700		0.0375307827686
2752		0.0375307827686
2774		0.0300387941127
2787		0.0192202162582
2794		0.0783670564139
2806		0.020141857094
2861		0.00961010812909
2868		0.020141857094
2869		0.022436887813
2893		0.0490688398945
2905		0.0288303243873
3013		0.042973435797
3022		0.0345634941204
3035		0.0697872550819
3049		0.0551481494523
3066		0.027427727474
3079		0.0300387941127
3102		0.0266319520815
3110		0.0332987701985
3144		0.0270388857969
3190		0.157834927062
3237		0.0140785539404
3252		0.0363798189221
3287		0.0387585583889
3299		0.0140785539404
3316		0.0332987701985
3369		0.0384404325164
3398		0.0410375533611
3419		0.0524103204954
3482		0.0217367144365
3487		0.0441736022495
3543		0.0266319520815
3546		0.0332987701985
3566		0.018189909461
3618		0.0281571078807
3627		0.0576606487745
3637		0.0606330315368
3643		0.0291484502598
3644		0.0303165157684
3645		0.0322684634014
3647		0.0381102990958
3700		0.0369101326433
3721		0.0156734112828
3759		0.0192202162582
3771		0.0340436879048
3777		0.0247835263359
3803		0.0490688398945
3823		0.0551481494523
3830		0.0883662344649
3868		0.0308468294896
3917		0.0473773241389
3922		0.0305856907723
3936		0.0291484502598
3939		0.0291484502598
3947		0.0394587317654
3952		0.0834000527704
3966		0.0278000175901
3982		0.0247835263359
3985		0.020141857094
4012		0.0140785539404
4017		0.061219444838
4104		0.0236886620694
4116		0.0844713236421
4120		0.0820751067222
4215		0.0363798189221
4243		0.020141857094
4265		0.0121266063074
4295		0.0991341053436
4371		0.0230851471061
4393		0.0192202162582
4494		0.0281571078807
4496		0.0247835263359
4539		0.0209755826432
4640		0.0170218439524
4649		0.104877913216
4650		0.183658334514
4708		0.0455220349191
4725		0.0262051602477
4743		0.0315864950208
4766		0.0326952552352
4771		0.0192202162582
4813		0.0281571078807
4817		0.0589108229766
4872		0.0363798189221
4882		0.00961010812909
4930		0.0869468577458
4937		0.0473773241389
4981		0.0230851471061
4997		0.0329010881999
5115		0.0471408908977
5158		0.027427727474
5163		0.0384404325164
5165		0.0375307827686
5190		0.044873775626
5248		0.0419511652865
5250		0.0156734112828
5260		0.0358152683768
5275		0.0363798189221
5306		0.0384404325164
5364		0.0961010812909
5372		0.0170218439524
5399		0.0242532126147
5565		0.0384404325164
5625		0.0285001909667
5701		0.0340436879048
5740		0.018189909461
5780		0.0121266063074
5916		0.0345634941204
5936		0.0768808650327
5937		0.0305856907723
5970		0.018189909461
5991		0.0156734112828
5993		0.0384404325164
6010		0.0387585583889
6014		0.0242532126147
6132		0.0629267479297
6143		0.0156734112828
6165		0.020141857094
6186		0.0121266063074
6238		0.0262051602477
6338		0.0270388857969
6371		0.0140785539404
6381		0.0322684634014
6397		0.0345634941204
6436		0.0874453507793
6446		0.0551481494523
6551		0.0340436879048
6553		0.0236886620694
6589		0.0703927697018
6598		0.0140785539404
6662		0.061219444838
6664		0.0363798189221
6703		0.0170218439524
6709		0.0480505406455
6721		0.0140785539404
6796		0.0170218439524
6852		0.0192202162582
6895		0.120155176451
6935		0.035366580418
6944		0.0294554114883
7099		0.00961010812909
7116		0.169772488303
7153		0.022436887813
7182		0.0
7187		0.0455220349191
7230		0.0422356618211
7233		0.0516093367089
7288		0.0242532126147
7337		0.0170218439524
7379		0.0727596378442
7394		0.018189909461
7396		0.0424431220758
7461		0.0783670564139
7487		0.018189909461
7499		0.027427727474
7548		0.042973435797
7600		0.042973435797
7601		0.0329010881999
7661		0.0313468225655
7771		0.0490688398945
7783		0.0697872550819
7847		0.0281571078807
7854		0.0363798189221
7855		0.00606330315368
7881		0.042973435797
7885		0.0242532126147
7887		0.0192202162582
7889		0.0252835194119
7993		0.0140785539404
8000		0.0121266063074
8002		0.018189909461
8071		0.0121266063074
8108		0.0940404676966
8125		0.0363798189221
8126		0.0629267479297
8147		0.0329010881999
8179		0.0303165157684
8226		0.0
8228		0.0121266063074
8280		0.0616936589792
8314		0.020141857094
8346		0.0434734288729
8355		0.027427727474
8392		0.0410375533611
8445		0.0311003978928
8479		0.0278000175901
8487		0.0402837141881
8552		0.034893627541
8608		0.0156734112828
8677		0.0270388857969
8723		0.0363798189221
8729		0.0516093367089
8744		0.0394587317654
8760		0.0707331608359
8792		0.0480505406455
8807		0.022436887813
8810		0.0419511652865
8830		0.0278000175901
8844		0.0242532126147
8858		0.0515129445777
8859		0.0461702942122
8902		0.0381102990958
8903		0.0170218439524
8998		0.034893627541
9103		0.0326952552352
9106		0.0252835194119
9137		0.034893627541
9141		0.0441736022495
9149		0.0653905104704
9176		0.0121266063074
9212		0.122438889676
9241		0.0
9242		0.0
9245		0.0363798189221
9262		0.145742251299
9327		0.0315864950208
9330		0.0381102990958
9337		0.0703927697018
9338		0.0217367144365
9376		0.022436887813
9406		0.0294554114883
9449		0.0170218439524
9478		0.00961010812909
9485		0.018189909461
9559		0.0332987701985
9564		0.0121266063074
9571		0.0170218439524
9674		0.154864093344
9679		0.061219444838
9743		0.147206519684
9802		0.0266319520815
9806		0.0308468294896
9861		0.0297519652231
10006		0.0209755826432
10012		0.102131063714
10034		0.0242532126147
10108		0.0281571078807
10109		0.098137679789
10141		0.0673583122036
10173		0.0170218439524
10190		0.018189909461
10210		0.0
10310		0.0156734112828
10354		0.0611713815446
10355		0.0313468225655
10373		0.0332987701985
10380		0.0209755826432
10411		0.0305856907723
10463		0.0209755826432
10468		0.0629267479297
10470		0.018189909461
10510		0.0515129445777
10511		0.0485064252295
10538		0.020141857094
10706		0.115321297549
10734		0.0473773241389
10738		0.020141857094
10758		0.098137679789
10765		0.0291484502598
10777		0.0394587317654
10787		0.112628431523
10826		0.0315864950208
10856		0.0516093367089
10887		0.0281571078807
10913		0.00606330315368
10926		0.0252835194119
10971		0.027427727474
11016		0.0358152683768
11058		0.061219444838
11062		0.0257564722889
11067		0.0471408908977
11078		0.0303165157684
11131		0.0242532126147
11260		0.0551481494523
11301		0.0471408908977
11348		0.0363798189221
11358		0.0750615655372
11361		0.0332987701985
11371		0.0121266063074
11458		0.0516093367089
11462		0.0551481494523
11480		0.042973435797
11527		0.0291484502598
11616		0.0716305367536
11621		0.128782361444
11698		0.0340436879048
11735		0.061219444838
11770		0.00961010812909
11778		0.0441736022495
11798		0.00961010812909
11822		0.0692554413183
11826		0.0563142157614
11830		0.0209755826432
11835		0.0576606487745
11838		0.120587396704
11862		0.0288303243873
11876		0.0242532126147
11942		0.0236886620694
11988		0.0230851471061
12035		0.0288303243873
12058		0.0252835194119
12063		0.0604255712821
12085		0.053263904163
12122		0.0
12127		0.0363798189221
12128		0.0909495473052
