284
term		tfidf
102		0.0204065167195
156		0.044267140044
158		0.0251710283259
195		0.0319732005657
244		0.0495565607291
443		0.02780362627
487		0.0272086889593
528		0.0157941548299
575		0.0175833601634
601		0.202265942261
624		0.0215623758471
692		0.0136043444796
738		0.0686795955372
805		0.0531506855069
833		0.0293984993095
942		0.0578984076137
952		0.0107811879236
1145		0.02780362627
1344		0.0215623758471
1511		0.0763844468726
1521		0.0190961117181
1549		0.0351667203268
1580		0.462547712308
1590		0.0157941548299
1606		0.0307700475626
1652		0.0251710283259
1684		0.0495565607291
1697		0.0251710283259
1710		0.0190961117181
1786		0.0265753427535
1787		0.0482101429895
1822		0.0340108611991
1863		0.0315883096598
1926		0.0272086889593
2016		0.0243855324032
2041		0.0362006715494
2132		0.0204065167195
2134		0.0421042527838
2184		0.0362006715494
2208		0.0451926541394
2227		0.031187704643
2260		0.117437208031
2337		0.0336992966131
2339		0.00680217223982
2344		0.0323435637707
2385		0.0975421296128
2389		0.0495565607291
2491		0.0298772996417
2535		0.0396763225323
2594		0.0283645480869
2596		0.037356530677
2609		0.0175833601634
2612		0.0434816441213
2620		0.0578984076137
2621		0.0157941548299
2623		0.0544173779185
2630		0.0303338219617
2722		0.0631766193196
2833		0.0351667203268
2861		0.0107811879236
2863		0.0336992966131
2906		0.0225963270697
2952		0.025898283958
2982		0.034890266548
3022		0.0387753728055
3253		0.0323435637707
3273		0.044267140044
3290		0.0323435637707
3305		0.0366794718815
3326		0.0646871275414
3393		0.0298772996417
3397		0.0346057985099
3403		0.0421042527838
3405		0.0107811879236
3419		0.0587969986191
3501		0.0307700475626
3600		0.0265753427535
3604		0.0381922234363
3618		0.0315883096598
3637		0.0136043444796
3640		0.025898283958
3715		0.0315883096598
3730		0.0470632994437
3824		0.0303338219617
3868		0.0346057985099
3944		0.0319732005657
3963		0.0606676439233
3971		0.0550483279676
4047		0.0288951346087
4243		0.0225963270697
4265		0.0136043444796
4284		0.0215623758471
4388		0.0204065167195
4390		0.132876713767
4393		0.0107811879236
4395		0.336677691453
4561		0.0578984076137
4734		0.0503420566517
4743		0.0354355990683
4892		0.0414079707497
4940		0.0470632994437
4947		0.0215623758471
4954		0.0855087769785
4957		0.0470632994437
4959		0.0567290961739
4999		0.135282076707
5052		0.0235316497218
5086		0.0204065167195
5364		0.0107811879236
5374		0.044267140044
5412		0.0175833601634
5458		0.0369103874803
5465		0.0639464011314
5493		0.0288951346087
5500		0.126312758351
5514		0.138115066584
5559		0.0408130334389
5560		0.0510693122838
5605		0.02780362627
5638		0.0107811879236
5695		0.0550483279676
5740		0.00680217223982
5745		0.0215623758471
5767		0.0528854407073
5783		0.0190961117181
5915		0.0319732005657
5936		0.0215623758471
5950		0.0315883096598
5970		0.0408130334389
5977		0.0578984076137
6083		0.0421042527838
6095		0.0550483279676
6096		0.0107811879236
6144		0.0510693122838
6148		0.0157941548299
6186		0.0136043444796
6216		0.0204065167195
6220		0.0434816441213
6224		0.163252133756
6238		0.0293984993095
6303		0.0427543884892
6371		0.0157941548299
6372		0.0243855324032
6397		0.077550745611
6425		0.0366794718815
6578		0.0816260668778
6656		0.0578984076137
6665		0.0369103874803
6703		0.0381922234363
6796		0.0190961117181
6801		0.108834755837
6825		0.0427543884892
6861		0.0157941548299
6881		0.0136043444796
6910		0.0190961117181
6999		0.0618684571386
7004		0.0408130334389
7049		0.110096655935
7099		0.0215623758471
7128		0.0175833601634
7176		0.0251710283259
7182		0.0
7203		0.0550483279676
7230		0.0473824644897
7259		0.0578984076137
7267		0.0408130334389
7318		0.0654009123956
7321		0.0333775149933
7328		0.0528854407073
7382		0.0215623758471
7395		0.0215623758471
7418		0.0136043444796
7494		0.046038355528
7595		0.0434816441213
7655		0.0327004561978
7738		0.0157941548299
7747		0.0319732005657
7858		0.0470632994437
7887		0.0215623758471
7953		0.0303338219617
7969		0.0359522162494
8002		0.122439100317
8056		0.0315883096598
8078		0.02780362627
8126		0.0235316497218
8134		0.0434816441213
8226		0.0
8228		0.0136043444796
8316		0.0307700475626
8376		0.0351667203268
8487		0.0451926541394
8525		0.0482101429895
8535		0.0816260668778
8686		0.0503420566517
8738		0.034890266548
8792		0.0107811879236
8793		0.0510693122838
8825		0.0323435637707
8846		0.0265753427535
8852		0.0431247516942
8883		0.0288951346087
8930		0.0136043444796
9002		0.0157941548299
9078		0.091001465885
9081		0.0495565607291
9088		0.0470632994437
9136		0.02780362627
9176		0.0136043444796
9235		0.0319732005657
9242		0.0
9371		0.0434816441213
9423		0.0421042527838
9452		0.0517965679159
9453		0.0578984076137
9471		0.0175833601634
9482		0.0235316497218
9514		0.0567290961739
9515		0.0612195501584
9533		0.0272086889593
9556		0.0315883096598
9558		0.0157941548299
9664		0.0427543884892
9737		0.0578984076137
9743		0.0550483279676
9757		0.037356530677
9758		0.124223912249
9773		0.0396763225323
9778		0.0578984076137
9817		0.0503420566517
9839		0.0427543884892
9845		0.0283645480869
9899		0.0157941548299
10000		0.0215623758471
10021		0.0686795955372
10025		0.0288951346087
10031		0.0612195501584
10057		0.0204065167195
10108		0.0315883096598
10127		0.0293984993095
10157		0.16682175762
10173		0.0190961117181
10210		0.0
10217		0.0215623758471
10241		0.0421042527838
10442		0.0550483279676
10483		0.0346057985099
10539		0.0235316497218
10544		0.0578984076137
10546		0.0369103874803
10640		0.0204065167195
10747		0.096420285979
10770		0.0816260668778
10840		0.0351667203268
10859		0.0451926541394
10913		0.00680217223982
10933		0.0298772996417
10956		0.0323435637707
10963		0.0319732005657
11000		0.025898283958
11062		0.0288951346087
11074		0.0528854407073
11081		0.0434816441213
11152		0.0703334406535
11176		0.0175833601634
11186		0.02780362627
11191		0.0427543884892
11528		0.045094025569
11529		0.0578984076137
11574		0.0190961117181
11640		0.0190961117181
11746		0.0272086889593
11864		0.0606676439233
11875		0.00680217223982
11892		0.0175833601634
11948		0.0408130334389
11962		0.0697805330961
12015		0.0527500804901
12017		0.0319732005657
12035		0.0107811879236
12074		0.037356530677
12090		0.11121450508
12122		0.0
12149		0.0391457360105
12195		0.0578984076137
