302
term		tfidf
156		0.0435699954404
158		0.0247746203685
195		0.0314696680535
244		0.0487761152598
260		0.0222404670015
487		0.02678019074
528		0.0310908386329
601		0.199080540855
624		0.0212227990426
692		0.01339009537
805		0.0523136376755
833		0.0289355146865
932		0.0187953750719
942		0.0569865899
952		0.0106113995213
1145		0.0273657586329
1305		0.0273657586329
1344		0.0212227990426
1436		0.0463221192996
1511		0.0563861252158
1521		0.0187953750719
1549		0.0346128944126
1580		0.482043433321
1590		0.0155454193164
1606		0.0302854630019
1652		0.0247746203685
1684		0.0487761152598
1697		0.0247746203685
1710		0.0187953750719
1786		0.0261568188377
1787		0.0474509016879
1822		0.0334752384251
1863		0.0310908386329
1926		0.02678019074
2016		0.0240014948913
2041		0.0356305623715
2047		0.01339009537
2134		0.0414411705836
2161		0.0314696680535
2184		0.0356305623715
2208		0.0222404670015
2227		0.0306965425763
2244		0.0173064472063
2260		0.115587738747
2337		0.033168580539
2339		0.00669504768501
2344		0.0318341985639
2385		0.0960059795652
2389		0.0487761152598
2491		0.0294067745932
2535		0.0390514767863
2596		0.036768218359
2609		0.0173064472063
2612		0.0427968699632
2620		0.0569865899
2621		0.0155454193164
2623		0.0803405722201
2630		0.0298561073348
2654		0.0463221192996
2663		0.0371882372326
2722		0.0777270965822
2833		0.0346128944126
2861		0.0106113995213
2863		0.033168580539
2906		0.0222404670015
2952		0.0254904227569
2982		0.0343407943884
3011		0.0487761152598
3022		0.0381647157385
3253		0.0318341985639
3273		0.0435699954404
3290		0.0955025956916
3299		0.0155454193164
3305		0.0361018222782
3326		0.0636683971277
3393		0.0294067745932
3397		0.0340608063179
3403		0.0414411705836
3405		0.0106113995213
3419		0.0578710293729
3501		0.0302854630019
3587		0.0520525701048
3600		0.0261568188377
3604		0.0375907501439
3618		0.0155454193164
3637		0.01339009537
3640		0.0254904227569
3715		0.0155454193164
3868		0.0340608063179
3944		0.0314696680535
3963		0.0597122146697
3971		0.0541813949617
4047		0.028440077265
4243		0.0222404670015
4265		0.01339009537
4284		0.0424455980851
4382		0.0535603814801
4388		0.020085143055
4390		0.156940913026
4393		0.0106113995213
4395		0.280394650326
4561		0.0569865899
4584		0.0443838586924
4734		0.0495492407369
4743		0.0348775386957
4825		0.0502650431254
4892		0.0407558540029
4940		0.0463221192996
4947		0.0106113995213
4954		0.0841621351495
4957		0.0463221192996
4959		0.0558356934552
4999		0.133151576077
5052		0.0231610596498
5086		0.020085143055
5364		0.0106113995213
5374		0.0435699954404
5412		0.0346128944126
5458		0.0363291012842
5465		0.062939336107
5493		0.028440077265
5500		0.124323511751
5514		0.135939950386
5559		0.0401702861101
5560		0.0502650431254
5605		0.0273657586329
5638		0.0106113995213
5691		0.0261568188377
5695		0.0541813949617
5740		0.00669504768501
5745		0.0212227990426
5767		0.0520525701048
5783		0.0187953750719
5915		0.0314696680535
5936		0.0212227990426
5950		0.0310908386329
5970		0.0401702861101
5977		0.0569865899
6083		0.0414411705836
6095		0.0541813949617
6096		0.0106113995213
6144		0.0502650431254
6148		0.0155454193164
6186		0.01339009537
6216		0.020085143055
6220		0.0427968699632
6224		0.1339009537
6238		0.0289355146865
6303		0.0420810675748
6371		0.0310908386329
6397		0.076329431477
6425		0.0361018222782
6578		0.0803405722201
6656		0.0569865899
6665		0.0363291012842
6703		0.0375907501439
6796		0.0187953750719
6801		0.10712076296
6825		0.0420810675748
6852		0.0212227990426
6861		0.0155454193164
6881		0.01339009537
6910		0.0187953750719
6999		0.0608941167817
7004		0.0401702861101
7049		0.108362789923
7099		0.0212227990426
7128		0.0173064472063
7176		0.0247746203685
7182		0.0
7203		0.0541813949617
7230		0.0466362579493
7259		0.0569865899
7267		0.0401702861101
7318		0.0643709408839
7321		0.0328518665227
7328		0.0520525701048
7373		0.0302854630019
7382		0.0212227990426
7395		0.0212227990426
7418		0.02678019074
7461		0.0173064472063
7494		0.0453133167953
7595		0.0427968699632
7655		0.032185470442
7738		0.0155454193164
7747		0.0314696680535
7858		0.0463221192996
7887		0.0212227990426
7953		0.0298561073348
7969		0.0353860198898
8002		0.12051085833
8056		0.0310908386329
8071		0.01339009537
8078		0.0273657586329
8126		0.0231610596498
8134		0.0427968699632
8168		0.0353860198898
8226		0.0
8228		0.01339009537
8316		0.0302854630019
8376		0.0519193416189
8437		0.0487761152598
8487		0.0667214010044
8525		0.0474509016879
8535		0.0803405722201
8686		0.0495492407369
8738		0.0343407943884
8792		0.0106113995213
8793		0.0502650431254
8795		0.032185470442
8825		0.0318341985639
8846		0.0261568188377
8852		0.0212227990426
8912		0.0487761152598
8930		0.01339009537
9002		0.0155454193164
9078		0.0895683220045
9081		0.0487761152598
9088		0.0463221192996
9136		0.0273657586329
9176		0.01339009537
9227		0.0463221192996
9235		0.0314696680535
9242		0.0
9373		0.0231610596498
9423		0.0414411705836
9452		0.0509808455139
9453		0.0569865899
9471		0.0173064472063
9482		0.0231610596498
9485		0.020085143055
9514		0.0558356934552
9515		0.0803405722201
9526		0.0187953750719
9533		0.02678019074
9556		0.0310908386329
9558		0.0310908386329
9571		0.0187953750719
9664		0.0420810675748
9737		0.0569865899
9743		0.0541813949617
9757		0.036768218359
9758		0.122267562009
9773		0.0781029535725
9778		0.0569865899
9817		0.0495492407369
9839		0.0420810675748
9845		0.0279178467276
9899		0.0155454193164
10000		0.0424455980851
10025		0.028440077265
10031		0.0602554291651
10108		0.0310908386329
10111		0.0375907501439
10127		0.0289355146865
10157		0.136828793164
10173		0.0187953750719
10210		0.0
10213		0.0222404670015
10217		0.0212227990426
10241		0.0414411705836
10442		0.0541813949617
10483		0.0340608063179
10539		0.0231610596498
10544		0.0569865899
10546		0.0363291012842
10640		0.020085143055
10747		0.0949018033759
10770		0.100425715275
10798		0.0231610596498
10840		0.0346128944126
10859		0.0667214010044
10913		0.020085143055
10956		0.0318341985639
10963		0.0314696680535
11000		0.0254904227569
11062		0.028440077265
11074		0.0520525701048
11152		0.0519193416189
11176		0.0173064472063
11186		0.0273657586329
11191		0.0420810675748
11528		0.0443838586924
11529		0.0569865899
11574		0.0187953750719
11634		0.0240014948913
11640		0.0187953750719
11746		0.02678019074
11864		0.0597122146697
11875		0.00669504768501
11892		0.0173064472063
11948		0.0401702861101
11962		0.0686815887767
12015		0.0519193416189
12017		0.0314696680535
12020		0.0395469142078
12035		0.0212227990426
12074		0.036768218359
12090		0.109463034532
12122		0.0
12195		0.0569865899
