270
term		tfidf
23		0.0802568446601
188		0.0729382291526
271		0.0435225880913
275		0.066182355208
308		0.0565822817158
371		0.0359202564464
443		0.0334271636908
475		0.018988666936
478		0.0379773338721
558		0.0245339211553
616		0.0466180461984
658		0.0259235633512
665		0.0532205735324
706		0.0374957028308
767		0.0393144222077
775		0.0635820042397
805		0.0319504486116
833		0.0353446143729
841		0.0369935707903
857		0.0405152872222
890		0.057961084846
920		0.0532205735324
952		0.0129617816756
959		0.074381917811
995		0.0271666406545
1029		0.0311364484893
1144		0.0635820042397
1245		0.0440982301649
1246		0.0483063960485
1344		0.0259235633512
1504		0.0327118948737
1511		0.0229584747709
1516		0.0514018541555
1521		0.137750848625
1606		0.0369935707903
1648		0.0696088895002
1755		0.0408898685921
1782		0.018988666936
1863		0.0379773338721
1869		0.0334271636908
1870		0.0718405128929
1894		0.0449122302872
1939		0.0327118948737
1969		0.190166484581
1985		0.104552407767
1992		0.0440982301649
2086		0.0696088895002
2089		0.0459169495417
2132		0.0245339211553
2152		0.0459169495417
2208		0.0271666406545
2244		0.021139755394
2245		0.0408898685921
2303		0.0311364484893
2323		0.0565822817158
2339		0.0490678423105
2343		0.112487108492
2348		0.0759546677442
2421		0.0302620987616
2425		0.102803708311
2446		0.0271666406545
2635		0.0622728969786
2644		0.0282911408579
2646		0.0364691145763
2695		0.0408898685921
2722		0.018988666936
2842		0.0696088895002
2862		0.0490678423105
2978		0.0696088895002
2994		0.122797094502
3027		0.0412529225335
3028		0.0440982301649
3059		0.0379773338721
3138		0.0506202225641
3157		0.0696088895002
3268		0.0319504486116
3294		0.0696088895002
3326		0.0648089083779
3327		0.0302620987616
3459		0.074381917811
3496		0.066182355208
3533		0.0408898685921
3544		0.0718405128929
3594		0.0941266374903
3595		0.0470633187451
3638		0.0459169495417
3677		0.018988666936
3697		0.0369935707903
3761		0.0271666406545
3834		0.0282911408579
4000		0.00817797371842
4012		0.018988666936
4091		0.0259235633512
4121		0.0466180461984
4151		0.0319504486116
4188		0.0522762038833
4251		0.117943266623
4262		0.0311364484893
4265		0.0163559474368
4371		0.0311364484893
4393		0.0129617816756
4519		0.275200955454
4705		0.0364691145763
4715		0.018988666936
4746		0.0327118948737
4782		0.0405152872222
4846		0.0282911408579
4947		0.0259235633512
5124		0.0397284409027
5163		0.0388853450267
5278		0.0586354582248
5283		0.0514018541555
5327		0.018988666936
5366		0.0497831111276
5386		0.0490678423105
5435		0.251441795125
5436		0.174090352365
5493		0.0347394395627
5546		0.0271666406545
5630		0.181701126583
5638		0.0388853450267
5639		0.0271666406545
5783		0.0229584747709
5800		0.0532205735324
5808		0.115922169692
5939		0.0907862962847
5950		0.018988666936
5964		0.0426027727114
5993		0.0388853450267
6003		0.0379773338721
6090		0.0369935707903
6192		0.0440982301649
6212		0.0302620987616
6308		0.0522762038833
6333		0.0245339211553
6344		0.018988666936
6359		0.074381917811
6371		0.018988666936
6497		0.03844007248
6504		0.0311364484893
6709		0.0388853450267
6721		0.018988666936
6754		0.0393144222077
6796		0.0229584747709
6881		0.0327118948737
6910		0.0229584747709
7030		0.0565822817158
7033		0.119159655748
7093		0.074381917811
7099		0.0518471267023
7128		0.021139755394
7131		0.0259235633512
7154		0.0706892287458
7182		0.0
7220		0.074381917811
7274		0.0635820042397
7293		0.0622728969786
7337		0.0229584747709
7364		0.112487108492
7396		0.0245339211553
7459		0.0129617816756
7465		0.0622728969786
7467		0.03844007248
7468		0.0569660008081
7495		0.0259235633512
7499		0.0369935707903
7524		0.126838532364
7530		0.0565822817158
7722		0.0341015370696
7738		0.0569660008081
7764		0.0229584747709
7812		0.0613985472508
7813		0.0282911408579
7858		0.0282911408579
7957		0.0696088895002
7993		0.018988666936
8071		0.0654237897473
8078		0.167135818454
8101		0.0282911408579
8153		0.0388853450267
8223		0.0334271636908
8226		0.0
8248		0.0416051374092
8252		0.101240445128
8282		0.0282911408579
8285		0.0419471417069
8292		0.0405152872222
8297		0.0412529225335
8314		0.0271666406545
8319		0.106441147065
8376		0.021139755394
8458		0.018988666936
8462		0.0311364484893
8535		0.0245339211553
8607		0.0635820042397
8711		0.0341015370696
8738		0.0419471417069
8792		0.0129617816756
8844		0.0163559474368
8852		0.0259235633512
8856		0.0426027727114
8859		0.0311364484893
8871		0.0565822817158
9054		0.0293177291124
9170		0.018988666936
9171		0.0393144222077
9241		0.0
9242		0.0
9388		0.0353446143729
9478		0.0388853450267
9482		0.0282911408579
9485		0.098135684621
9533		0.0327118948737
9541		0.0613985472508
9551		0.0786288444154
9726		0.0635820042397
9861		0.04012842233
9976		0.113164563432
10052		0.0483063960485
10116		0.0341015370696
10171		0.0364691145763
10173		0.0229584747709
10204		0.042279510788
10210		0.0
10217		0.129617816756
10241		0.0506202225641
10255		0.0245339211553
10350		0.042279510788
10383		0.0435225880913
10463		0.0282911408579
10471		0.04012842233
10489		0.0569660008081
10511		0.0327118948737
10516		0.110980712371
10538		0.0271666406545
10557		0.132364710416
10571		0.0466180461984
10840		0.021139755394
10878		0.0449122302872
10881		0.074381917811
10890		0.0311364484893
10898		0.0435225880913
11048		0.0613985472508
11104		0.066182355208
11134		0.04012842233
11136		0.0497831111276
11180		0.0435225880913
11368		0.0682030741391
11371		0.0163559474368
11372		0.0454252816456
11384		0.0419471417069
11484		0.0696088895002
11745		0.151909335488
11746		0.098135684621
11796		0.0565822817158
11799		0.018988666936
11814		0.0271666406545
11881		0.0514018541555
11885		0.0364691145763
11898		0.0245339211553
11942		0.0319504486116
11964		0.0229584747709
11972		0.0293177291124
11991		0.0635820042397
12038		0.0229584747709
12044		0.0163559474368
12062		0.0364691145763
12081		0.0426027727114
12122		0.0
12171		0.074381917811
