272
term		tfidf
23		0.252614138911
68		0.0193055663756
79		0.0193055663756
84		0.0193055663756
109		0.0203990658404
131		0.0203990658404
158		0.0238130281992
178		0.0585305969788
188		0.0573945687408
234		0.0332694434241
328		0.0386111327513
438		0.0665388868483
443		0.0526071901265
478		0.0448261369553
528		0.0149420456518
553		0.0193055663756
558		0.0193055663756
610		0.0298840913035
706		0.0590101985916
775		0.0500322225452
805		0.0754247357159
811		0.16432420583
833		0.0278124232355
881		0.0483140759203
932		0.0180658589292
933		0.033007904581
1077		0.0268342546323
1084		0.0273362155232
1114		0.0238130281992
1144		0.0500322225452
1155		0.0149420456518
1245		0.0347005806413
1278		0.0203990658404
1326		0.0268342546323
1344		0.0203990658404
1433		0.0435545439082
1444		0.064974268197
1498		0.061872473026
1504		0.0257407551675
1511		0.0541975767877
1516		0.0404477499113
1542		0.0166347217121
1632		0.0193055663756
1713		0.033007904581
1755		0.0321759439594
1863		0.0747102282588
1874		0.0579166991269
1948		0.072263435717
1969		0.0427544688873
1985		0.0411357694332
2058		0.0238130281992
2061		0.030936236513
2063		0.133572573471
2080		0.033007904581
2096		0.0213772344436
2132		0.0386111327513
2152		0.0361317178585
2245		0.0965278318782
2250		0.0404477499113
2328		0.142878169195
2339		0.0257407551675
2343		0.0295050992958
2348		0.0149420456518
2446		0.0641317033309
2532		0.00643518879188
2565		0.0375357484434
2635		0.0245010477211
2640		0.0213772344436
2642		0.0166347217121
2644		0.0667862867356
2666		0.0361317178585
2728		0.11534955252
2746		0.0166347217121
2752		0.039832689625
2793		0.0263035950632
2818		0.0222620955785
2906		0.0213772344436
2927		0.0483140759203
2985		0.0411357694332
3005		0.0418788871285
3117		0.0670476318206
3128		0.039832689625
3237		0.0448261369553
3275		0.0286972843704
3326		0.0407981316808
3327		0.0714390845976
3508		0.0871090878163
3528		0.0468829387031
3543		0.0282653918494
3544		0.0565307836989
3595		0.0370337875524
3625		0.029109975199
3697		0.029109975199
3834		0.0222620955785
3977		0.0149420456518
4000		0.0128703775838
4060		0.0937658774063
4083		0.0257407551675
4091		0.0203990658404
4151		0.025141578572
4159		0.0418788871285
4162		0.0483140759203
4172		0.0230699105039
4175		0.0847961755483
4215		0.0386111327513
4251		0.402171074669
4262		0.0245010477211
4265		0.0128703775838
4325		0.0203990658404
4494		0.0298840913035
4519		0.402171074669
4529		0.0547747352768
4543		0.0282653918494
4546		0.044524191157
4617		0.0332694434241
4725		0.0278124232355
4749		0.0483140759203
4906		0.0268342546323
4943		0.0101995329202
5086		0.0193055663756
5124		0.031262024851
5140		0.044524191157
5163		0.0203990658404
5250		0.0166347217121
5292		0.0245010477211
5323		0.072263435717
5333		0.0411357694332
5340		0.0203990658404
5435		0.0565307836989
5436		0.0684952240548
5586		0.031262024851
5603		0.0411357694332
5630		0.142979311687
5638		0.0203990658404
5740		0.00643518879188
5875		0.029109975199
5887		0.0353411114921
5939		0.0476260563984
5947		0.0166347217121
5964		0.0670476318206
5991		0.0166347217121
5993		0.0611971975211
6003		0.0149420456518
6053		0.0203990658404
6096		0.0101995329202
6213		0.0468829387031
6288		0.0357448279218
6344		0.0149420456518
6372		0.0230699105039
6418		0.0536685092645
6482		0.0302482169911
6488		0.0257407551675
6663		0.0426611614189
6709		0.0305985987606
6721		0.0597681826071
6747		0.0318811885694
6757		0.0203990658404
6806		0.0327387838551
6852		0.0203990658404
6861		0.0747102282588
6968		0.0353411114921
7099		0.0305985987606
7154		0.0834372697066
7207		0.0585305969788
7335		0.044524191157
7337		0.0361317178585
7364		0.0590101985916
7395		0.0203990658404
7396		0.0257407551675
7461		0.0166347217121
7465		0.0245010477211
7468		0.0448261369553
7487		0.0386111327513
7495		0.0203990658404
7609		0.0670476318206
7706		0.036683405783
7738		0.0597681826071
7858		0.133572573471
7887		0.0203990658404
7889		0.0268342546323
8066		0.0298840913035
8071		0.0257407551675
8100		0.0286972843704
8101		0.0222620955785
8125		0.0128703775838
8130		0.0435545439082
8153		0.0203990658404
8204		0.0706822229843
8226		0.0
8228		0.0386111327513
8262		0.039832689625
8285		0.033007904581
8292		0.0318811885694
8319		0.0418788871285
8349		0.0579166991269
8361		0.0520784200486
8504		0.025141578572
8535		0.0386111327513
8663		0.029109975199
8717		0.0315767673638
8737		0.0180658589292
8738		0.066015809162
8743		0.0500322225452
8775		0.0180658589292
8833		0.0342476120274
8834		0.0340125611194
8846		0.025141578572
8856		0.0335238159103
8903		0.072263435717
9018		0.0263035950632
9037		0.0585305969788
9043		0.0386111327513
9054		0.0230699105039
9063		0.0245010477211
9171		0.030936236513
9176		0.0257407551675
9241		0.0
9242		0.0
9348		0.0213772344436
9373		0.0222620955785
9478		0.0305985987606
9485		0.0386111327513
9526		0.0180658589292
9564		0.0257407551675
9649		0.150096667636
9763		0.0193055663756
9918		0.0347005806413
9976		0.133572573471
10057		0.0386111327513
10210		0.0
10255		0.0193055663756
10310		0.0166347217121
10350		0.0831736085603
10443		0.0694011612826
10489		0.0298840913035
10511		0.0643518879188
10516		0.029109975199
10563		0.039173972647
10622		0.0500322225452
10650		0.0166347217121
10708		0.100566314288
10785		0.0361317178585
10860		0.0361317178585
10922		0.0357448279218
10956		0.0101995329202
10979		0.0149420456518
11000		0.0245010477211
11091		0.0203990658404
11118		0.0257407551675
11152		0.0332694434241
11176		0.0166347217121
11189		0.0302482169911
11224		0.0468829387031
11368		0.0536685092645
11371		0.0128703775838
11372		0.0357448279218
11436		0.0483140759203
11498		0.0222620955785
11665		0.0321759439594
11682		0.0213772344436
11696		0.031262024851
11745		0.194246593473
11746		0.0772222655025
11766		0.0585305969788
11860		0.0245010477211
11862		0.0305985987606
11898		0.0193055663756
11964		0.0180658589292
11972		0.0461398210079
11988		0.0245010477211
11992		0.039173972647
12044		0.0128703775838
