460
term		tfidf
23		0.0270532432247
27		0.0469279904094
50		0.0373151455407
56		0.0574427353624
187		0.308745750708
188		0.196690080404
208		0.0128015255847
256		0.100291613635
257		0.0469279904094
271		0.0293414765155
356		0.039075429206
364		0.0165399509308
365		0.00873840066301
399		0.0299167175934
424		0.0501458068176
435		0.0352428721689
558		0.0165399509308
660		0.0225354782752
759		0.0501458068176
767		0.0265044715059
826		0.0373151455407
833		0.0238281595386
866		0.0384045767542
874		0.0256030511695
920		0.179397673361
930		0.015477837552
933		0.0282793631368
972		0.039075429206
1020		0.0501458068176
1105		0.039075429206
1107		0.0469279904094
1164		0.0892358706703
1167		0.0413928516491
1277		0.0501458068176
1313		0.0501458068176
1332		0.0197650346169
1384		0.0142517176399
1425		0.039075429206
1429		0.0249398309285
1498		0.0265044715059
1508		0.0501458068176
1521		0.015477837552
1542		0.0285034352799
1562		0.0215399262478
1644		0.0501458068176
1670		0.0197650346169
1672		0.0582801955662
1710		0.015477837552
1714		0.0273140546251
1738		0.0309556751041
1798		0.0413928516491
1826		0.0880244295465
1829		0.0225354782752
1864		0.0430798524955
1874		0.0165399509308
1887		0.0249398309285
1897		0.0128015255847
1939		0.0110266339538
1969		0.21977811074
1985		0.0352428721689
1992		0.029729555192
2032		0.0446179353352
2033		0.0634570379319
2047		0.0220532679077
2058		0.0204016971201
2072		0.017476801326
2111		0.0335621122291
2119		0.0183148425617
2131		0.0302783269108
2151		0.0265044715059
2156		0.0501458068176
2218		0.0265044715059
2248		0.0335621122291
2284		0.0275665848846
2303		0.0419823090579
2339		0.0496198527923
2343		0.0505567031876
2426		0.0476563190772
2430		0.017476801326
2478		0.0358795346721
2517		0.0381458861471
2563		0.0183148425617
2576		0.0287213676812
2610		0.0238281595386
2621		0.0256030511695
2631		0.0204016971201
2640		0.0183148425617
2658		0.039075429206
2663		0.0306242090158
2666		0.015477837552
2713		0.020991154529
2721		0.0816067884804
2722		0.0128015255847
2746		0.0142517176399
2764		0.0249398309285
2771		0.0381458861471
2787		0.017476801326
2855		0.0574427353624
2861		0.00873840066301
2901		0.0215399262478
2906		0.0183148425617
2911		0.0365497443996
2925		0.0419823090579
2926		0.039075429206
2944		0.026783589094
2958		0.0428648654877
2981		0.0501458068176
2993		0.0278113437366
3011		0.040166731737
3027		0.0556226874731
3071		0.025915014097
3078		0.0128015255847
3089		0.0234201708766
3102		0.024216238215
3121		0.017476801326
3236		0.0427551529198
3252		0.0165399509308
3253		0.026215201989
3267		0.0204016971201
3268		0.0215399262478
3290		0.0524304039781
3297		0.020991154529
3299		0.0128015255847
3326		0.0349536026521
3328		0.025915014097
3342		0.0841463857564
3392		0.0446179353352
3396		0.0469279904094
3405		0.026215201989
3417		0.0299167175934
3428		0.0321585715396
3480		0.031728518966
3510		0.0419823090579
3533		0.220532679077
3543		0.024216238215
3545		0.0225354782752
3573		0.0249398309285
3593		0.0501458068176
3596		0.0501458068176
3618		0.0128015255847
3620		0.0501458068176
3625		0.049879661857
3626		0.039075429206
3637		0.0110266339538
3638		0.0309556751041
3649		0.0501458068176
3677		0.0128015255847
3681		0.0349536026521
3683		0.0352428721689
3705		0.0220532679077
3716		0.0661598037231
3721		0.0142517176399
3722		0.0469279904094
3739		0.039075429206
3761		0.0183148425617
3782		0.0381458861471
3824		0.0245862600505
3891		0.0501458068176
3909		0.0341264648247
4012		0.0256030511695
4052		0.0746302910815
4069		0.108212972899
4091		0.017476801326
4104		0.129239557487
4130		0.040166731737
4151		0.0215399262478
4171		0.0446179353352
4178		0.0501458068176
4235		0.0197650346169
4251		0.106017886024
4262		0.020991154529
4265		0.0441065358154
4358		0.0278113437366
4373		0.0128015255847
4393		0.026215201989
4428		0.0245862600505
4465		0.0321585715396
4494		0.0128015255847
4497		0.0330799018615
4519		0.0530089430118
4533		0.0501458068176
4557		0.0446179353352
4596		0.0165399509308
4617		0.0285034352799
4629		0.0501458068176
4700		0.078150858412
4715		0.0128015255847
4771		0.017476801326
4782		0.0273140546251
4846		0.0190729430735
4867		0.015477837552
4916		0.0428648654877
4939		0.0501458068176
4942		0.0413928516491
4962		0.0446179353352
4976		0.020991154529
5050		0.0282793631368
5053		0.0373151455407
5117		0.0501458068176
5121		0.0309556751041
5137		0.0469279904094
5163		0.00873840066301
5174		0.025915014097
5185		0.0190729430735
5192		0.0501458068176
5209		0.0291400977831
5216		0.0341264648247
5231		0.0245862600505
5243		0.040166731737
5281		0.0358795346721
5308		0.0245862600505
5311		0.0273140546251
5327		0.0256030511695
5345		0.0413928516491
5360		0.040166731737
5432		0.0413928516491
5433		0.0501458068176
5435		0.290594858581
5448		0.040166731737
5568		0.0335621122291
5638		0.00873840066301
5640		0.0428648654877
5740		0.00551331697692
5768		0.0501458068176
5787		0.0352428721689
5800		0.0358795346721
5936		0.0349536026521
5939		0.0204016971201
5948		0.0501458068176
5949		0.0501458068176
5954		0.0325665602016
5964		0.0287213676812
5991		0.0285034352799
5993		0.026215201989
6014		0.0110266339538
6051		0.03465341476
6071		0.0938559808188
6084		0.0165399509308
6090		0.0249398309285
6096		0.0349536026521
6114		0.0427551529198
6120		0.0204016971201
6137		0.0358795346721
6143		0.0142517176399
6148		0.0128015255847
6186		0.0330799018615
6192		0.029729555192
6193		0.0110266339538
6214		0.0225354782752
6229		0.024216238215
6230		0.0234201708766
6275		0.0501458068176
6338		0.0245862600505
6345		0.00873840066301
6358		0.0938559808188
6371		0.0128015255847
6441		0.0197650346169
6511		0.0446179353352
6522		0.0469279904094
6549		0.0190729430735
6661		0.0273140546251
6664		0.0165399509308
6709		0.017476801326
6721		0.0128015255847
6746		0.0142517176399
6828		0.0293414765155
6829		0.0330799018615
6836		0.040166731737
6863		0.0352428721689
6881		0.0110266339538
6933		0.0321585715396
6952		0.026783589094
7026		0.0689703549089
7099		0.00873840066301
7108		0.0491725201009
7128		0.0142517176399
7143		0.0128015255847
7152		0.0450709565504
7153		0.0204016971201
7182		0.0
7228		0.120500195211
7293		0.020991154529
7296		0.0459802366059
7306		0.0373151455407
7375		0.0321585715396
7395		0.00873840066301
7407		0.0245862600505
7452		0.0381458861471
7459		0.00873840066301
7460		0.0335621122291
7495		0.0349536026521
7524		0.114013741119
7563		0.0285034352799
7620		0.0381458861471
7621		0.0892358706703
7723		0.0381458861471
7738		0.0256030511695
7774		0.0501458068176
7788		0.0358795346721
7855		0.0110266339538
7858		0.0190729430735
7887		0.017476801326
7978		0.0501458068176
7993		0.0256030511695
7995		0.0330799018615
8071		0.0110266339538
8076		0.0518300281941
8094		0.0501458068176
8100		0.0737587801514
8101		0.0190729430735
8124		0.0321585715396
8153		0.0611688046411
8155		0.0501458068176
8193		0.0234201708766
8211		0.0501458068176
8226		0.0
8229		0.0349536026521
8231		0.020991154529
8241		0.022990118303
8254		0.017476801326
8259		0.0643171430792
8287		0.0183148425617
8289		0.0325665602016
8292		0.0273140546251
8357		0.0381458861471
8403		0.040166731737
8404		0.0501458068176
8462		0.0419823090579
8487		0.0183148425617
8548		0.0413928516491
8574		0.0238281595386
8616		0.022990118303
8622		0.0280487952521
8625		0.0273140546251
8627		0.0183148425617
8736		0.0225354782752
8737		0.0928670253122
8792		0.00873840066301
8833		0.0293414765155
8851		0.0220532679077
8866		0.0413928516491
8882		0.0358795346721
8883		0.0234201708766
8888		0.024216238215
8903		0.015477837552
8907		0.0446179353352
8930		0.0110266339538
8952		0.0285034352799
8979		0.0275665848846
9002		0.0128015255847
9029		0.0777450422911
9042		0.0225354782752
9054		0.0197650346169
9086		0.022990118303
9110		0.0373151455407
9132		0.0335621122291
9170		0.0384045767542
9171		0.0265044715059
9176		0.0220532679077
9190		0.0234201708766
9205		0.0469279904094
9206		0.0501458068176
9207		0.0501458068176
9242		0.0
9341		0.0446179353352
9348		0.0183148425617
9365		0.0446179353352
9471		0.0142517176399
9483		0.0469279904094
9485		0.0165399509308
9503		0.025915014097
9553		0.0282793631368
9556		0.0128015255847
9564		0.0441065358154
9607		0.0501458068176
9723		0.031728518966
9774		0.0321585715396
9822		0.0501458068176
9823		0.0598334351868
9840		0.0446179353352
9870		0.0469279904094
9958		0.0278113437366
10006		0.0190729430735
10022		0.0484324764301
10025		0.0234201708766
10026		0.0469279904094
10031		0.0165399509308
10032		0.0273140546251
10033		0.0373151455407
10034		0.0220532679077
10035		0.0321585715396
10036		0.0413928516491
10062		0.017476801326
10108		0.0128015255847
10127		0.0238281595386
10147		0.0469279904094
10190		0.0165399509308
10210		0.0
10251		0.0341264648247
10319		0.0249398309285
10350		0.0142517176399
10355		0.0285034352799
10380		0.0381458861471
10405		0.026215201989
10511		0.0330799018615
10512		0.0321585715396
10520		0.0183148425617
10530		0.024216238215
10618		0.0501458068176
10640		0.0330799018615
10734		0.0215399262478
10782		0.0381458861471
10805		0.0469279904094
10840		0.0142517176399
10859		0.0183148425617
10860		0.015477837552
10890		0.0419823090579
10929		0.0287213676812
10944		0.017476801326
10960		0.0204016971201
10979		0.0256030511695
11091		0.017476801326
11123		0.0225354782752
11180		0.0293414765155
11212		0.0565587262735
11253		0.0446179353352
11324		0.039075429206
11330		0.0501458068176
11371		0.0220532679077
11372		0.0306242090158
11397		0.040166731737
11412		0.0501458068176
11485		0.026215201989
11515		0.0265044715059
11537		0.0413928516491
11553		0.0413928516491
11604		0.0501458068176
11682		0.0183148425617
11696		0.026783589094
11698		0.015477837552
11726		0.0501458068176
11745		0.0128015255847
11770		0.00873840066301
11777		0.0381458861471
11799		0.0128015255847
11828		0.0428648654877
11832		0.0428648654877
11875		0.0110266339538
11898		0.0496198527923
11899		0.017476801326
11972		0.0197650346169
12035		0.017476801326
12044		0.0551331697692
12046		0.0501458068176
12051		0.024216238215
12054		0.0291400977831
12058		0.022990118303
12077		0.0469279904094
12085		0.024216238215
12122		0.0
