408
term		tfidf
8		0.0205196460428
33		0.0335230781846
68		0.0138042117007
84		0.0276084234014
109		0.0145861052651
112		0.0271799894249
208		0.0106841289919
232		0.0227962582251
260		0.0305710657842
328		0.0138042117007
365		0.00729305263254
415		0.0335230781846
417		0.0208147356275
436		0.028481882867
457		0.0464590644914
477		0.0159182421426
478		0.0106841289919
487		0.0184056156009
548		0.0729608111525
601		0.0195464302283
610		0.0213682579837
721		0.0118944565328
790		0.0524600511042
805		0.0179771816244
892		0.0350383555758
893		0.0372380442719
894		0.065224558321
900		0.0276084234014
969		0.0276084234014
1025		0.0391660118589
1027		0.0404216530405
1029		0.0350383555758
1077		0.0383750183306
1202		0.0326122791605
1264		0.0345463955396
1317		0.0276084234014
1343		0.0359543632488
1433		0.0311431497495
1436		0.461629022135
1439		0.016495860433
1442		0.0198869367923
1490		0.07022841408
1511		0.0775066433261
1521		0.0516710955508
1580		0.0368112312019
1606		0.0208147356275
1641		0.0345463955396
1652		0.0170272177516
1694		0.0390928604565
1704		0.0159182421426
1710		0.0129177738877
1765		0.0236019028796
1806		0.0432572433037
1840		0.0427365159675
1864		0.0179771816244
1880		0.0464590644914
1883		0.0216286216519
1926		0.0368112312019
1939		0.0276084234014
1942		0.02340947136
2022		0.0227962582251
2037		0.028481882867
2039		0.0670461563693
2045		0.0264805617979
2077		0.0350383555758
2115		0.0205196460428
2126		0.0208147356275
2142		0.0188080674598
2165		0.0372380442719
2168		0.0588272686414
2181		0.0391660118589
2189		0.0268394828608
2208		0.0152855328921
2227		0.0210972643332
2244		0.0237889130655
2274		0.0311431497495
2337		0.0227962582251
2339		0.00920280780046
2348		0.0320523869756
2359		0.0268394828608
2385		0.016495860433
2469		0.0391660118589
2507		0.0291722105302
2517		0.0318364842852
2532		0.0138042117007
2540		0.0335230781846
2560		0.0464590644914
2599		0.0372380442719
2621		0.0106841289919
2623		0.0184056156009
2644		0.0159182421426
2666		0.0387533216631
2669		0.0291722105302
2696		0.024968435806
2722		0.0747889029431
2739		0.0326122791605
2748		0.0230070195012
2787		0.0145861052651
2851		0.0225785855246
2863		0.0227962582251
2868		0.0458565986763
2982		0.0236019028796
3007		0.0280108752602
3017		0.0221205816882
3058		0.0464590644914
3102		0.0202108265202
3139		0.0232112947751
3170		0.0865144866074
3191		0.0391660118589
3236		0.0118944565328
3250		0.024968435806
3267		0.0170272177516
3268		0.0179771816244
3275		0.0205196460428
3326		0.0291722105302
3327		0.0681088710065
3390		0.0345463955396
3405		0.00729305263254
3449		0.0326122791605
3475		0.0236019028796
3501		0.0208147356275
3608		0.0418515953348
3615		0.0271799894249
3618		0.0320523869756
3652		0.0262300255521
3667		0.0929181289828
3677		0.0106841289919
3747		0.0175191777879
3824		0.0205196460428
3842		0.0106841289919
3846		0.0213682579837
3867		0.0357749354995
3888		0.0276084234014
3944		0.194657594867
3963		0.0205196460428
3975		0.0670461563693
3977		0.0106841289919
3987		0.0311431497495
4000		0.00460140390023
4110		0.0271799894249
4118		0.0268394828608
4151		0.0179771816244
4172		0.016495860433
4231		0.0464590644914
4243		0.0152855328921
4260		0.0372380442719
4265		0.00920280780046
4284		0.0291722105302
4376		0.0516710955508
4382		0.40492354322
4390		0.0359543632488
4395		0.0350383555758
4397		0.028481882867
4451		0.0271799894249
4612		0.0372380442719
4617		0.0237889130655
4640		0.0258355477754
4693		0.071549870999
4771		0.00729305263254
4846		0.0159182421426
4855		0.0418515953348
4882		0.0218791578976
4913		0.0320523869756
4940		0.0318364842852
4943		0.00729305263254
4947		0.0510513684278
5009		0.0175191777879
5072		0.0357749354995
5121		0.0387533216631
5163		0.0145861052651
5248		0.0159182421426
5310		0.028481882867
5327		0.0106841289919
5330		0.0326122791605
5362		0.0230070195012
5374		0.119779966557
5463		0.0195464302283
5493		0.0195464302283
5496		0.0837031906697
5559		0.0138042117007
5638		0.0145861052651
5639		0.0152855328921
5691		0.0179771816244
5740		0.00920280780046
5745		0.0145861052651
5780		0.00920280780046
5936		0.0291722105302
5997		0.0588272686414
6018		0.0299449916393
6023		0.0225785855246
6053		0.0437583157952
6096		0.00729305263254
6114		0.0118944565328
6120		0.0170272177516
6151		0.032991720866
6333		0.0138042117007
6344		0.0106841289919
6345		0.0145861052651
6366		0.0418515953348
6371		0.0106841289919
6411		0.0345463955396
6441		0.016495860433
6442		0.0232112947751
6496		0.0271799894249
6563		0.0294136343207
6578		0.0184056156009
6644		0.0230070195012
6647		0.0578433485688
6655		0.0815399682746
6664		0.0138042117007
6674		0.0391660118589
6675		0.0464590644914
6688		0.0258355477754
6703		0.0129177738877
6752		0.0598899832786
6801		0.0184056156009
6830		0.0357749354995
7024		0.0294136343207
7052		0.149724958197
7086		0.0239707990347
7099		0.0218791578976
7102		0.0264805617979
7143		0.0427365159675
7171		0.0299449916393
7182		0.0
7225		0.0464590644914
7261		0.0418515953348
7268		0.0289216742844
7308		0.0179771816244
7318		0.0221205816882
7383		0.0175191777879
7418		0.00920280780046
7481		0.0464590644914
7492		0.0610086948153
7501		0.0372380442719
7584		0.0294136343207
7655		0.0221205816882
7680		0.0357749354995
7738		0.0106841289919
7743		0.0391660118589
7776		0.0929181289828
7778		0.0268394828608
7850		0.0979533627703
7855		0.00920280780046
7927		0.0783320237177
7942		0.0345463955396
7946		0.0376161349196
7994		0.0311431497495
8000		0.0368112312019
8002		0.0138042117007
8032		0.0264805617979
8071		0.0460140390023
8078		0.0188080674598
8100		0.0205196460428
8101		0.0159182421426
8112		0.0294136343207
8123		0.0145861052651
8125		0.00920280780046
8153		0.00729305263254
8160		0.0221205816882
8168		0.0243202703842
8176		0.0311431497495
8193		0.0195464302283
8221		0.062286299499
8226		0.0
8228		0.0184056156009
8240		0.0262300255521
8271		0.0191875091653
8305		0.0227962582251
8314		0.0152855328921
8334		0.0244883406926
8387		0.0464590644914
8395		0.0345463955396
8417		0.0184056156009
8458		0.0106841289919
8487		0.106998730245
8527		0.016495860433
8535		0.0414126351021
8536		0.0311431497495
8574		0.0198869367923
8605		0.0268394828608
8608		0.0118944565328
8631		0.0345463955396
8654		0.0129177738877
8711		0.0191875091653
8719		0.0205196460428
8730		0.0294136343207
8765		0.0188080674598
8769		0.0175191777879
8792		0.00729305263254
8825		0.0218791578976
8846		0.0179771816244
8852		0.0875166315905
8903		0.0129177738877
8911		0.0552168468028
8930		0.0184056156009
8988		0.065224558321
9002		0.0320523869756
9021		0.0294136343207
9106		0.0191875091653
9134		0.0145861052651
9176		0.0184056156009
9242		0.0
9271		0.0464590644914
9280		0.0372380442719
9342		0.0179771816244
9352		0.0464590644914
9366		0.209614941475
9376		0.0170272177516
9428		0.0391660118589
9451		0.0264805617979
9452		0.0175191777879
9466		0.0118944565328
9478		0.0364652631627
9482		0.0318364842852
9485		0.0138042117007
9514		0.0191875091653
9515		0.0690210585035
9519		0.0552168468028
9591		0.0276084234014
9601		0.0239707990347
9768		0.0216286216519
9862		0.0464590644914
9958		0.116056473876
9972		0.0464590644914
9984		0.0929181289828
9995		0.0258355477754
10000		0.0145861052651
10022		0.0202108265202
10050		0.0264805617979
10058		0.0268394828608
10062		0.0145861052651
10073		0.0188080674598
10101		0.0511178136126
10131		0.0418515953348
10177		0.0496244608409
10204		0.0237889130655
10210		0.0
10255		0.0138042117007
10290		0.0357749354995
10310		0.0118944565328
10328		0.024968435806
10344		0.0335230781846
10383		0.0244883406926
10387		0.0464590644914
10451		0.0188080674598
10468		0.0159182421426
10489		0.0427365159675
10511		0.0368112312019
10516		0.0416294712551
10520		0.0152855328921
10536		0.0248122304205
10582		0.071549870999
10646		0.0357749354995
10650		0.0118944565328
10651		0.0464590644914
10661		0.0372380442719
10684		0.0184056156009
10698		0.0216286216519
10761		0.091513042223
10798		0.0159182421426
10814		0.0145861052651
10848		0.0271799894249
10866		0.0208147356275
10904		0.0391660118589
10913		0.0138042117007
10926		0.0191875091653
10956		0.00729305263254
10979		0.0213682579837
10999		0.0391660118589
11036		0.0210972643332
11055		0.0262300255521
11069		0.0179771816244
11091		0.0291722105302
11144		0.0184056156009
11152		0.0475778261311
11171		0.0464590644914
11176		0.0118944565328
11276		0.0326122791605
11373		0.0184056156009
11400		0.0372380442719
11485		0.0218791578976
11498		0.0159182421426
11634		0.016495860433
11640		0.0516710955508
11745		0.128209547902
11746		0.0368112312019
11770		0.0145861052651
11798		0.0145861052651
11824		0.0318364842852
11826		0.0320523869756
11830		0.0159182421426
11871		0.0311431497495
11875		0.00460140390023
11898		0.0138042117007
11927		0.0237889130655
11946		0.0210972643332
11951		0.0464590644914
11957		0.0129177738877
11964		0.0775066433261
11979		0.113927531468
12013		0.0188080674598
12033		0.0159182421426
12035		0.00729305263254
12038		0.0258355477754
12122		0.0
12142		0.016495860433
12149		0.0264805617979
