297
term		tfidf
6		0.0365682615818
89		0.0323128470876
104		0.0272698497641
109		0.0241127706456
199		0.0482255412912
212		0.0289615293612
218		0.0328757496948
438		0.0393262350869
441		0.0504277406043
477		0.0263149699587
495		0.0339217021794
528		0.0176622852535
574		0.0505380349483
609		0.0393262350869
658		0.0723383119368
717		0.0317195028663
805		0.0297186705763
845		0.0526299399174
862		0.0898642700352
886		0.0691862495931
892		0.0289615293612
906		0.0422522699906
932		0.0213547971405
948		0.151614104845
952		0.0120563853228
1002		0.0241127706456
1114		0.0281482540346
1115		0.0470843379123
1278		0.0241127706456
1344		0.0241127706456
1360		0.0898642700352
1383		0.0348765819848
1388		0.0554181037988
1504		0.0304269288827
1511		0.0213547971405
1521		0.0213547971405
1522		0.0470843379123
1554		0.0263149699587
1590		0.0353245705069
1600		0.0196631175435
1631		0.0344095244833
1697		0.0281482540346
1710		0.0213547971405
1747		0.0504277406043
1755		0.0380336611034
1863		0.0176622852535
1869		0.0310922352953
1885		0.0328757496948
1966		0.038698967516
1967		0.0376852447018
2021		0.0591407232351
2063		0.0263149699587
2074		0.0304269288827
2077		0.0289615293612
2094		0.043361718476
2097		0.0715099725106
2106		0.0393262350869
2115		0.0678434043587
2208		0.0505380349483
2219		0.0344095244833
2244		0.0589893526304
2257		0.0478113715781
2268		0.0443692324104
2322		0.0328757496948
2348		0.123635996774
2420		0.0443692324104
2446		0.0505380349483
2491		0.0334111824633
2533		0.0396269167684
2563		0.0252690174741
2644		0.0526299399174
2666		0.0640643914214
2720		0.0571097833958
2952		0.0289615293612
2977		0.0478113715781
3129		0.114219566792
3160		0.0417750558991
3237		0.0529868557604
3281		0.0463056997367
3283		0.0463056997367
3326		0.0964510825823
3327		0.0562965080693
3369		0.0241127706456
3391		0.0470843379123
3405		0.0120563853228
3425		0.0554181037988
3545		0.0310922352953
3557		0.0545396995283
3629		0.0526299399174
3753		0.0339217021794
3771		0.0213547971405
3824		0.0339217021794
3834		0.0263149699587
3842		0.0176622852535
3851		0.0317195028663
3896		0.0526299399174
3977		0.0176622852535
3985		0.0252690174741
4000		0.0304269288827
4015		0.0691862495931
4065		0.0615594364979
4215		0.045640393324
4243		0.0505380349483
4254		0.0514837657787
4377		0.0571097833958
4393		0.0361691559684
4428		0.0339217021794
4512		0.0562965080693
4733		0.0272698497641
4752		0.0526299399174
4771		0.0120563853228
4815		0.0715099725106
4846		0.0263149699587
4913		0.0353245705069
4943		0.0120563853228
5075		0.0526299399174
5248		0.0263149699587
5275		0.022820196662
5278		0.0272698497641
5289		0.0297186705763
5358		0.0554181037988
5372		0.0213547971405
5412		0.0393262350869
5546		0.0252690174741
5565		0.0241127706456
5593		0.0615594364979
5603		0.0486246469046
5619		0.0317195028663
5625		0.0357549862553
5639		0.0252690174741
5795		0.182561573296
5820		0.126345087371
5825		0.0615594364979
5939		0.0281482540346
5959		0.0334111824633
5993		0.0723383119368
6003		0.0176622852535
6056		0.0289615293612
6114		0.0196631175435
6187		0.0304269288827
6333		0.022820196662
6338		0.0339217021794
6344		0.0529868557604
6371		0.0176622852535
6391		0.0404824819155
6441		0.0272698497641
6482		0.0357549862553
6549		0.0263149699587
6553		0.0297186705763
6560		0.0304269288827
6630		0.0281482540346
6703		0.0213547971405
6724		0.433583736578
6741		0.129493246332
6745		0.0486246469046
6746		0.0196631175435
6855		0.0591407232351
6881		0.0152134644413
6918		0.0691862495931
7099		0.0120563853228
7102		0.0875517763781
7143		0.0176622852535
7182		0.0
7296		0.0317195028663
7338		0.043361718476
7355		0.0373254027969
7371		0.0310922352953
7378		0.0463056997367
7395		0.0120563853228
7396		0.0152134644413
7459		0.0241127706456
7468		0.300258849309
7487		0.022820196662
7495		0.0241127706456
7535		0.0344095244833
7702		0.0417750558991
7730		0.0317195028663
7738		0.0176622852535
7740		0.0317195028663
7965		0.0463056997367
7989		0.0571097833958
8000		0.0304269288827
8005		0.0443692324104
8056		0.0176622852535
8058		0.0691862495931
8066		0.123635996774
8069		0.0263149699587
8123		0.0241127706456
8148		0.0365682615818
8153		0.0241127706456
8193		0.0323128470876
8226		0.0
8228		0.045640393324
8254		0.0241127706456
8258		0.0571097833958
8304		0.0668223649265
8323		0.0443692324104
8340		0.0310922352953
8349		0.022820196662
8359		0.0393262350869
8376		0.0196631175435
8417		0.0912807866481
8460		0.0373254027969
8535		0.045640393324
8611		0.045640393324
8663		0.0344095244833
8728		0.0241127706456
8734		0.0554181037988
8736		0.0621844705907
8765		0.0310922352953
8792		0.0241127706456
8807		0.0281482540346
8833		0.080964963831
8844		0.022820196662
8859		0.0289615293612
8861		0.0691862495931
8874		0.0281482540346
8903		0.0213547971405
8911		0.045640393324
9000		0.0422522699906
9012		0.0380336611034
9019		0.110836207598
9020		0.0323128470876
9042		0.0310922352953
9134		0.0241127706456
9170		0.0706491410139
9176		0.0152134644413
9181		0.116096902548
9190		0.0323128470876
9242		0.0
9482		0.0263149699587
9496		0.0383713552815
9532		0.0344095244833
9538		0.0545396995283
9563		0.0365682615818
9564		0.0152134644413
9763		0.022820196662
9792		0.0344095244833
9882		0.022820196662
9969		0.0554181037988
10012		0.042709594281
10022		0.0334111824633
10031		0.022820196662
10062		0.0241127706456
10173		0.0213547971405
10185		0.0691862495931
10210		0.0
10347		0.0470843379123
10366		0.109079399057
10367		0.0591407232351
10369		0.0972492938092
10373		0.0417750558991
10405		0.0361691559684
10489		0.0176622852535
10496		0.0615594364979
10510		0.0323128470876
10511		0.0608538577654
10553		0.0647466231658
10575		0.0478113715781
10579		0.0504277406043
10586		0.0437758881891
10670		0.0486246469046
10731		0.0691862495931
10770		0.022820196662
10840		0.0196631175435
10860		0.042709594281
10866		0.0344095244833
10887		0.0353245705069
10913		0.022820196662
10956		0.0120563853228
10985		0.0410179146839
11152		0.0196631175435
11176		0.0196631175435
11180		0.080964963831
11213		0.0647466231658
11398		0.0404824819155
11481		0.0348765819848
11582		0.0344095244833
11640		0.0213547971405
11712		0.0691862495931
11731		0.0263149699587
11733		0.0591407232351
11745		0.0353245705069
11746		0.0608538577654
11770		0.0120563853228
11789		0.110836207598
11873		0.137641822804
11875		0.00760673222067
11892		0.0196631175435
11972		0.0272698497641
11992		0.0463056997367
12015		0.0196631175435
12035		0.0120563853228
12038		0.170838377124
12063		0.0252690174741
12159		0.0289615293612
12160		0.045640393324
