363
term		tfidf
76		0.0152524087988
116		0.0222072576983
131		0.017222258434
148		0.0367716647924
168		0.0242281706255
208		0.0126150762864
228		0.0140441468518
260		0.0180480939212
364		0.0162990529045
365		0.00861112921699
478		0.0126150762864
487		0.0434641410788
548		0.0287156834623
601		0.0230790650921
610		0.0126150762864
624		0.034444516868
631		0.0494154524208
685		0.0320922407731
805		0.0424524110067
806		0.0494154524208
837		0.0298373347204
841		0.0245765918796
918		0.0269162359208
1027		0.0238635380158
1038		0.0879361845223
1077		0.0226552760688
1317		0.0162990529045
1326		0.0226552760688
1332		0.0389543289734
1363		0.039581718732
1436		0.338312753831
1490		0.0276402753331
1504		0.0108660352697
1511		0.0457572263964
1521		0.0457572263964
1535		0.0439680922612
1537		0.0462445022714
1562		0.0212262055034
1580		0.0434641410788
1590		0.0126150762864
1606		0.0737297756388
1694		0.0461581301842
1697		0.0201045542454
1713		0.0278674850852
1765		0.0278674850852
1830		0.0325981058091
1836		0.0375903059812
1875		0.040789980679
1926		0.0977943174273
1939		0.0543301763485
1942		0.0276402753331
1953		0.033629425985
2008		0.0249101821215
2037		0.033629425985
2058		0.0201045542454
2067		0.0402091084907
2069		0.0261184440685
2119		0.0180480939212
2122		0.033073292968
2137		0.0238635380158
2157		0.0283030520034
2159		0.017222258434
2160		0.0261184440685
2168		0.0347295732855
2192		0.0162990529045
2199		0.039581718732
2227		0.0249101821215
2274		0.0367716647924
2322		0.0234811115561
2328		0.0603136627361
2339		0.00543301763485
2385		0.0194771644867
2446		0.0360961878424
2498		0.0462445022714
2504		0.0462445022714
2532		0.0162990529045
2540		0.0791634374641
2594		0.0226552760688
2596		0.0298373347204
2609		0.0140441468518
2644		0.0187951529906
2659		0.0234811115561
2666		0.0305048175976
2696		0.0294809921036
2704		0.0266592231382
2722		0.0630753814319
2739		0.0385063106028
2851		0.0266592231382
2861		0.00861112921699
2862		0.0162990529045
2897		0.0367716647924
2906		0.0180480939212
2919		0.0294809921036
3017		0.0261184440685
3027		0.0548125644152
3078		0.0126150762864
3137		0.0347295732855
3170		0.0255375718802
3240		0.0301781791855
3250		0.0294809921036
3252		0.0162990529045
3268		0.0424524110067
3290		0.025833387651
3326		0.0516667753019
3327		0.0603136627361
3369		0.034444516868
3523		0.0222072576983
3611		0.117923968415
3618		0.0126150762864
3627		0.017222258434
3630		0.0269162359208
3664		0.0222072576983
3693		0.017222258434
3697		0.0245765918796
3721		0.0140441468518
3747		0.0413708528673
3753		0.0242281706255
3754		0.0341487010972
3771		0.0305048175976
3776		0.017222258434
3783		0.0217320705394
3811		0.0325981058091
3834		0.0187951529906
3844		0.0255375718802
3885		0.033073292968
3888		0.0325981058091
3944		0.153225431281
3977		0.0126150762864
4032		0.0255375718802
4151		0.0424524110067
4206		0.0462445022714
4226		0.0462445022714
4243		0.0180480939212
4284		0.034444516868
4373		0.0126150762864
4376		0.0305048175976
4380		0.0462445022714
4382		0.391177269709
4384		0.0385063106028
4395		0.062056279301
4451		0.0320922407731
4510		0.030970589515
4596		0.0325981058091
4693		0.042240555202
4725		0.0234811115561
4764		0.0140441468518
4814		0.0252301525727
4824		0.0226552760688
4844		0.0385063106028
4846		0.0187951529906
4867		0.0152524087988
4882		0.017222258434
4937		0.0212262055034
4947		0.025833387651
4992		0.0353569630442
5006		0.0263934964163
5068		0.0278674850852
5121		0.0305048175976
5163		0.00861112921699
5168		0.040789980679
5180		0.0280882937037
5289		0.0212262055034
5300		0.0325981058091
5340		0.017222258434
5376		0.0462445022714
5465		0.0255375718802
5474		0.0462445022714
5493		0.0230790650921
5527		0.0353569630442
5546		0.0180480939212
5559		0.0325981058091
5579		0.0252301525727
5638		0.00861112921699
5684		0.0462445022714
5700		0.0305048175976
5740		0.00543301763485
5745		0.034444516868
5784		0.042240555202
5864		0.0274062822076
5875		0.0245765918796
5942		0.0462445022714
5978		0.0212262055034
5991		0.0280882937037
5994		0.0271650881742
6014		0.0108660352697
6053		0.034444516868
6081		0.0867423875727
6096		0.025833387651
6186		0.0108660352697
6215		0.0152524087988
6344		0.0126150762864
6425		0.0292965556507
6428		0.0347295732855
6496		0.0641844815461
6563		0.0347295732855
6578		0.0217320705394
6583		0.039581718732
6598		0.0126150762864
6650		0.0375903059812
6721		0.0126150762864
6730		0.040789980679
6802		0.040789980679
6899		0.0261184440685
7052		0.247498741309
7086		0.0283030520034
7090		0.0791634374641
7099		0.0516667753019
7132		0.0439680922612
7143		0.0126150762864
7178		0.0444145153966
7182		0.0
7230		0.0378452288591
7255		0.0325981058091
7307		0.0439680922612
7332		0.0462445022714
7501		0.0439680922612
7529		0.0234811115561
7535		0.0983063675183
7609		0.0283030520034
7722		0.0226552760688
7738		0.0378452288591
7769		0.0347295732855
7858		0.150361223925
7887		0.017222258434
7946		0.0222072576983
8002		0.0162990529045
8024		0.0651962116182
8032		0.0312664052858
8056		0.0126150762864
8078		0.111036288491
8100		0.0242281706255
8101		0.0187951529906
8140		0.0477270760316
8221		0.0367716647924
8226		0.0
8228		0.0217320705394
8229		0.0516667753019
8234		0.0269162359208
8251		0.0341487010972
8307		0.0292965556507
8341		0.0305048175976
8436		0.0641844815461
8458		0.0126150762864
8487		0.162432845291
8504		0.0212262055034
8523		0.0574313669247
8527		0.0194771644867
8536		0.0367716647924
8608		0.0140441468518
8675		0.099219878904
8700		0.0289141291909
8712		0.0375903059812
8719		0.0242281706255
8734		0.039581718732
8738		0.0278674850852
8765		0.0222072576983
8798		0.0234811115561
8814		0.0325981058091
8825		0.025833387651
8838		0.0249101821215
8852		0.155000325906
8980		0.0242281706255
9049		0.0325981058091
9072		0.0245765918796
9106		0.0226552760688
9128		0.0682974021944
9176		0.0325981058091
9242		0.0
9332		0.042240555202
9342		0.0212262055034
9348		0.0180480939212
9356		0.0651962116182
9371		0.0347295732855
9452		0.062056279301
9471		0.0140441468518
9478		0.00861112921699
9514		0.0679658282065
9515		0.0814952645227
9517		0.0212262055034
9521		0.0230790650921
9529		0.0230790650921
9558		0.0126150762864
9700		0.0316901943091
9702		0.0187951529906
9724		0.0439680922612
9792		0.0491531837592
9842		0.039581718732
9874		0.0367716647924
9958		0.0274062822076
9981		0.033629425985
10058		0.0316901943091
10103		0.0720348228492
10104		0.0462445022714
10157		0.0222072576983
10164		0.0385063106028
10177		0.0292965556507
10190		0.0325981058091
10210		0.0
10217		0.017222258434
10274		0.0439680922612
10398		0.0234811115561
10399		0.0261184440685
10449		0.0312664052858
10453		0.0261184440685
10471		0.0266592231382
10511		0.0325981058091
10547		0.0751806119624
10650		0.0140441468518
10698		0.0510751437604
10706		0.017222258434
10734		0.0424524110067
10735		0.0140441468518
10756		0.0360174114246
10760		0.0770126212057
10761		0.0360174114246
10798		0.0375903059812
10859		0.0180480939212
10860		0.0152524087988
10895		0.0360174114246
10913		0.00543301763485
10926		0.0226552760688
10956		0.017222258434
10979		0.0252301525727
11144		0.0217320705394
11152		0.0280882937037
11180		0.0578282583818
11229		0.0439680922612
11247		0.0341487010972
11373		0.0217320705394
11379		0.0261184440685
11574		0.0152524087988
11579		0.0439680922612
11606		0.0298373347204
11634		0.0584314934601
11640		0.0305048175976
11688		0.0222072576983
11745		0.290146754587
11746		0.173856564315
11770		0.00861112921699
11777		0.0187951529906
11798		0.00861112921699
11819		0.0375903059812
11826		0.0126150762864
11857		0.033629425985
11873		0.0280882937037
11875		0.00543301763485
11892		0.0140441468518
11899		0.017222258434
11927		0.0280882937037
11946		0.0249101821215
11948		0.0488971587136
11957		0.0305048175976
11964		0.0457572263964
11972		0.0389543289734
11979		0.033629425985
12014		0.0180480939212
12015		0.0702207342592
12017		0.0255375718802
12033		0.0187951529906
12044		0.0108660352697
12051		0.0238635380158
12122		0.0
12142		0.0194771644867
