332
term		tfidf
109		0.0152480158972
114		0.0187929777151
365		0.060992063589
444		0.0422559687423
475		0.0111689697665
536		0.0284134046276
558		0.0144306403687
610		0.0446758790659
622		0.0264169856637
623		0.0366283797576
624		0.0152480158972
658		0.0304960317945
671		0.0389278892974
721		0.0124342214049
866		0.0111689697665
932		0.0135039764226
1002		0.0457440476917
1077		0.0200582293535
1133		0.0217592985912
1317		0.0144306403687
1326		0.0200582293535
1333		0.0214508179792
1343		0.0751719108604
1344		0.0152480158972
1414		0.0350443397874
1421		0.0689777394445
1450		0.0389278892974
1495		0.0747967706671
1504		0.0096204269125
1554		0.0166406045229
1661		0.0681844182593
1693		0.0288612807375
1740		0.0373983853336
1777		0.0522029834805
1926		0.019240853825
1932		0.0313038813488
1992		0.0259381978274
2008		0.0220546483174
2018		0.043750801149
2035		0.0292819956734
2047		0.0096204269125
2069		0.023124403335
2074		0.019240853825
2215		0.0276822373021
2239		0.0373983853336
2265		0.0255996101352
2297		0.0373983853336
2322		0.020789396679
2339		0.00481021345625
2342		0.0297743773849
2439		0.0217592985912
2446		0.0159791832227
2507		0.0152480158972
2609		0.0124342214049
2631		0.0177999049262
2643		0.0220546483174
2691		0.024672946189
2713		0.0183141898788
2752		0.0297743773849
2781		0.0722281896101
2784		0.023124403335
2833		0.0497368856195
2869		0.0177999049262
2872		0.0214508179792
2904		0.091570949394
2910		0.0238307417571
2945		0.0313038813488
3008		0.0350443397874
3053		0.0441092966347
3057		0.0166406045229
3121		0.0152480158972
3144		0.0214508179792
3150		0.0267187580383
3187		0.0350443397874
3195		0.0270079528451
3237		0.0111689697665
3328		0.0226101183825
3405		0.00762400794862
3423		0.0568268092552
3483		0.0313038813488
3523		0.0196615687609
3583		0.0313038813488
3618		0.0111689697665
3621		0.0778557785948
3664		0.0196615687609
3693		0.0152480158972
3715		0.0670138185988
3721		0.0124342214049
3731		0.0340922091297
3747		0.0366283797576
3776		0.0152480158972
3787		0.0177999049262
3832		0.0183141898788
3977		0.0111689697665
4012		0.0111689697665
4031		0.0166406045229
4047		0.0204334380863
4060		0.0350443397874
4091		0.0152480158972
4109		0.0254239128749
4117		0.0177999049262
4127		0.0485673551
4172		0.0172444348611
4243		0.0159791832227
4265		0.0096204269125
4271		0.0485673551
4323		0.0409433471514
4334		0.0276822373021
4388		0.0144306403687
4393		0.0381200397431
4437		0.0810238585353
4451		0.0568268092552
4495		0.0485673551
4522		0.0568268092552
4581		0.262504806894
4617		0.0124342214049
4635		0.0693732100051
4653		0.0172444348611
4709		0.0325564113134
4738		0.0223379395329
4771		0.0228720238459
4793		0.0297743773849
4822		0.043750801149
4823		0.0489435644343
4856		0.0518763956548
4867		0.0135039764226
4882		0.00762400794862
4906		0.0200582293535
4913		0.0111689697665
4924		0.036114094805
4992		0.0939116440464
5128		0.0284134046276
5163		0.00762400794862
5235		0.0124342214049
5289		0.0187929777151
5292		0.0183141898788
5333		0.0307484112837
5407		0.0292819956734
5565		0.0152480158972
5587		0.028057446035
5627		0.0485673551
5638		0.0381200397431
5726		0.0485673551
5729		0.0485673551
5742		0.0409433471514
5780		0.019240853825
5906		0.0485673551
5911		0.036114094805
5922		0.0522029834805
5926		0.116783667892
5950		0.0111689697665
6003		0.0111689697665
6017		0.023124403335
6082		0.5342409061
6089		0.0172444348611
6096		0.0304960317945
6114		0.0124342214049
6143		0.0248684428097
6148		0.0111689697665
6151		0.0517333045834
6165		0.0159791832227
6167		0.0214508179792
6179		0.0313038813488
6186		0.0096204269125
6187		0.019240853825
6193		0.019240853825
6215		0.0405119292677
6216		0.0144306403687
6344		0.0111689697665
6372		0.0172444348611
6405		0.238645463908
6454		0.0350443397874
6490		0.162782056567
6497		0.0226101183825
6556		0.0325564113134
6598		0.0111689697665
6631		0.0244717822172
6636		0.043750801149
6637		0.0297743773849
6709		0.0304960317945
6721		0.0111689697665
6742		0.0528339713274
6796		0.0945278349579
6798		0.0204334380863
6852		0.0304960317945
6862		0.0152480158972
6910		0.0270079528451
6929		0.0196615687609
6942		0.0318886204202
6944		0.0701037766589
6954		0.0325564113134
7085		0.0485673551
7128		0.0124342214049
7143		0.0111689697665
7206		0.043750801149
7208		0.116783667892
7296		0.0200582293535
7337		0.0135039764226
7394		0.0144306403687
7395		0.0381200397431
7403		0.0302341263311
7418		0.0096204269125
7461		0.0248684428097
7495		0.0152480158972
7563		0.0124342214049
7659		0.0248684428097
7661		0.0497368856195
7722		0.0200582293535
7764		0.0135039764226
7777		0.0373983853336
7796		0.0681844182593
7855		0.0144306403687
7872		0.0223379395329
7878		0.0297743773849
7889		0.0200582293535
7937		0.0589847062827
7941		0.0261014917402
7993		0.0111689697665
8056		0.0111689697665
8092		0.0332812090459
8093		0.0255996101352
8116		0.0373983853336
8123		0.0152480158972
8167		0.0267187580383
8226		0.0
8304		0.0422559687423
8314		0.0159791832227
8357		0.0166406045229
8359		0.0248684428097
8371		0.2914041306
8462		0.0366283797576
8644		0.0409433471514
8676		0.0144306403687
8686		0.0177999049262
8746		0.0389278892974
8769		0.0183141898788
8792		0.00762400794862
8798		0.020789396679
8841		0.0276822373021
8880		0.0264169856637
8882		0.0313038813488
8891		0.0172444348611
8930		0.019240853825
9002		0.0335069092994
9032		0.0307484112837
9042		0.0393231375218
9063		0.0183141898788
9106		0.0200582293535
9176		0.019240853825
9242		0.0
9337		0.0223379395329
9415		0.0485673551
9425		0.0614968225673
9446		0.0485673551
9449		0.121535787803
9466		0.0248684428097
9482		0.0166406045229
9517		0.0187929777151
9559		0.0528339713274
9564		0.0096204269125
9619		0.023124403335
9759		0.0318886204202
9763		0.0144306403687
9773		0.028057446035
9816		0.0462488066701
9817		0.0533997147787
9826		0.0318886204202
9847		0.0409433471514
9899		0.0223379395329
9911		0.0236031911713
9976		0.0665624180918
10000		0.0152480158972
10035		0.028057446035
10051		0.0332812090459
10057		0.0288612807375
10058		0.0561148920699
10092		0.0568268092552
10106		0.0183141898788
10190		0.0144306403687
10199		0.0350443397874
10210		0.0
10217		0.0152480158972
10318		0.0159791832227
10347		0.0297743773849
10484		0.036114094805
10588		0.0485673551
10650		0.0124342214049
10680		0.0553644746042
10703		0.0332812090459
10706		0.0152480158972
10734		0.0563789331453
10735		0.0124342214049
10738		0.0159791832227
10840		0.0124342214049
10860		0.0270079528451
10894		0.0409433471514
10913		0.0144306403687
10922		0.0534375160765
10929		0.0250585826791
10956		0.00762400794862
11007		0.0242646124716
11011		0.0217592985912
11036		0.0220546483174
11083		0.043750801149
11087		0.043750801149
11144		0.0096204269125
11176		0.0124342214049
11225		0.0313038813488
11254		0.199687254275
11366		0.0485673551
11371		0.0144306403687
11550		0.0274203318387
11625		0.0678303551475
11648		0.102167190432
11649		0.154382538222
11665		0.0481021345625
11698		0.0135039764226
11727		0.0238307417571
11770		0.00762400794862
11790		0.0187929777151
11799		0.0558448488324
11844		0.0200582293535
11892		0.0373026642146
11906		0.043750801149
12035		0.00762400794862
12056		0.0297743773849
12098		0.0485673551
12120		0.0259381978274
12122		0.0
12125		0.0350443397874
12147		0.0172444348611
12149		0.0276822373021
