329
term		tfidf
26		0.0216050430391
45		0.048828939609
49		0.0302025540535
68		0.0195112980372
75		0.0440186871771
79		0.0195112980372
102		0.0195112980372
109		0.0206164504862
131		0.0206164504862
228		0.0168119912555
277		0.0520301280992
283		0.0408787853253
328		0.0195112980372
353		0.0294201885048
364		0.0390225960744
365		0.0103082252431
438		0.033623982511
465		0.0526333988397
475		0.0302025540535
476		0.0473825513377
499		0.0520301280992
574		0.0216050430391
575		0.0168119912555
608		0.0402571705887
610		0.0151012770268
636		0.0677621314851
659		0.0260150640496
693		0.0346125750639
825		0.0254095022699
892		0.0247621455392
930		0.0182583795268
995		0.0216050430391
1298		0.0309246757293
1329		0.0553584476155
1350		0.0365167590536
1462		0.0505653958318
1538		0.0379357518282
1611		0.044998667567
1671		0.0976578792179
1710		0.0182583795268
1712		0.0384170342946
1727		0.0151012770268
1782		0.0302025540535
1897		0.0151012770268
1926		0.0130075320248
1939		0.0260150640496
1977		0.0591543340261
1978		0.046095199941
2022		0.0322209335822
2031		0.0553584476155
2047		0.0130075320248
2048		0.0390225960744
2053		0.0195112980372
2058		0.0240667940698
2139		0.0260150640496
2159		0.16493160389
2161		0.0611411201643
2192		0.0390225960744
2208		0.0216050430391
2224		0.0352911562859
2244		0.033623982511
2339		0.00650376601239
2348		0.0453038310803
2430		0.0206164504862
2468		0.044998667567
2477		0.0591543340261
2491		0.0285666047699
2615		0.0224993337835
2621		0.0151012770268
2631		0.0240667940698
2640		0.0216050430391
2666		0.0547751385804
2673		0.048828939609
2678		0.0431157842697
2720		0.048828939609
2722		0.0151012770268
2856		0.0553584476155
2869		0.0240667940698
2875		0.0526333988397
2904		0.0247621455392
2954		0.044998667567
3057		0.0224993337835
3137		0.0415741367947
3164		0.0285666047699
3170		0.0305705600822
3202		0.0423251735966
3271		0.0440186871771
3297		0.0247621455392
3326		0.0721575767018
3327		0.0240667940698
3369		0.0412329009724
3399		0.0526333988397
3405		0.0103082252431
3410		0.0423251735966
3495		0.044998667567
3630		0.0322209335822
3677		0.0302025540535
3705		0.0520301280992
3773		0.0431157842697
3820		0.0505653958318
3835		0.0656666728586
3845		0.0531678038077
3922		0.0328075590266
4012		0.0151012770268
4073		0.031595171685
4091		0.0206164504862
4109		0.0343750193129
4143		0.584845841885
4172		0.0233157572679
4393		0.0309246757293
4404		0.044998667567
4476		0.0768340685893
4494		0.0302025540535
4496		0.0797517057115
4521		0.0384170342946
4543		0.0285666047699
4607		0.0505653958318
4617		0.0504359737665
4771		0.0103082252431
4810		0.027627526585
4813		0.0151012770268
4835		0.0440186871771
5027		0.0473825513377
5086		0.0390225960744
5089		0.0338810657425
5093		0.0591543340261
5148		0.0350703707823
5185		0.0224993337835
5229		0.0379357518282
5261		0.033623982511
5267		0.033623982511
5306		0.0412329009724
5364		0.0103082252431
5368		0.0591543340261
5372		0.0182583795268
5478		0.159503411423
5479		0.0638265365645
5559		0.0195112980372
5619		0.0542404329972
5708		0.0265839019038
5780		0.0260150640496
5783		0.0182583795268
5909		0.0281088090515
5915		0.0305705600822
5936		0.0206164504862
5947		0.0168119912555
5951		0.0271202164986
5954		0.115251102884
5960		0.0343750193129
5993		0.0206164504862
5994		0.032518830062
5996		0.0402571705887
6003		0.0151012770268
6009		0.0195112980372
6024		0.0379357518282
6056		0.0247621455392
6096		0.0103082252431
6101		0.0656151180532
6143		0.0168119912555
6154		0.0553584476155
6188		0.048828939609
6193		0.0130075320248
6215		0.0182583795268
6345		0.0412329009724
6371		0.0151012770268
6381		0.0346125750639
6386		0.0346125750639
6391		0.0346125750639
6437		0.044998667567
6452		0.120771511766
6560		0.0520301280992
6570		0.0168119912555
6661		0.0322209335822
6709		0.0103082252431
6721		0.0151012770268
6746		0.0168119912555
6757		0.0206164504862
6861		0.0151012770268
6862		0.0206164504862
6878		0.244564480657
6881		0.0260150640496
6910		0.0182583795268
7099		0.0103082252431
7128		0.0168119912555
7131		0.0206164504862
7178		0.0265839019038
7182		0.0
7363		0.0505653958318
7367		0.0408787853253
7394		0.0195112980372
7395		0.0103082252431
7396		0.0130075320248
7459		0.0103082252431
7468		0.060405108107
7487		0.0195112980372
7495		0.0206164504862
7646		0.0350703707823
7686		0.0714354550259
7693		0.0644418671644
7738		0.0302025540535
7813		0.0224993337835
7855		0.0130075320248
7857		0.0440186871771
7891		0.0346125750639
7894		0.0797517057115
7897		0.0856998143097
8000		0.0260150640496
8071		0.0260150640496
8101		0.0224993337835
8153		0.0618493514587
8223		0.0265839019038
8226		0.0
8254		0.0206164504862
8266		0.0182583795268
8287		0.0216050430391
8297		0.0328075590266
8304		0.0285666047699
8314		0.0216050430391
8339		0.0328075590266
8340		0.0531678038077
8504		0.0254095022699
8553		0.0312659115516
8616		0.0271202164986
8654		0.0182583795268
8657		0.0656666728586
8700		0.0692251501279
8728		0.0206164504862
8779		0.0440186871771
8792		0.0309246757293
8807		0.0240667940698
8834		0.0343750193129
8838		0.0298195232803
8844		0.0195112980372
8874		0.192534352558
8930		0.0520301280992
8977		0.0390225960744
9002		0.0151012770268
9005		0.0473825513377
9043		0.0390225960744
9134		0.0412329009724
9170		0.0151012770268
9171		0.0312659115516
9176		0.0260150640496
9180		0.0408787853253
9241		0.0
9242		0.0
9250		0.215578921349
9337		0.0151012770268
9342		0.0254095022699
9348		0.0216050430391
9356		0.0260150640496
9376		0.0481335881395
9466		0.067247965022
9470		0.0233157572679
9478		0.0103082252431
9482		0.0674980013505
9517		0.0254095022699
9519		0.0195112980372
9533		0.0260150640496
9551		0.0312659115516
9702		0.0224993337835
9764		0.032518830062
9769		0.044998667567
9802		0.0285666047699
10000		0.0206164504862
10006		0.0224993337835
10022		0.0285666047699
10071		0.0298195232803
10141		0.0361257461864
10210		0.0
10221		0.0526333988397
10310		0.0168119912555
10380		0.0224993337835
10411		0.0328075590266
10454		0.0591543340261
10460		0.0390225960744
10483		0.0330876679162
10488		0.0656666728586
10489		0.0453038310803
10516		0.0294201885048
10538		0.0216050430391
10546		0.0352911562859
10586		0.0374284417417
10636		0.0440186871771
10680		0.0374284417417
10734		0.0254095022699
10735		0.033623982511
10770		0.0585338941115
10787		0.0453038310803
10860		0.0182583795268
10864		0.0216050430391
10913		0.00650376601239
10955		0.0352911562859
10957		0.0402571705887
10979		0.0302025540535
11032		0.0730335181072
11060		0.0415741367947
11078		0.032518830062
11091		0.0206164504862
11123		0.0265839019038
11150		0.0440186871771
11152		0.033623982511
11159		0.0505653958318
11223		0.035717727513
11281		0.044998667567
11337		0.0415741367947
11371		0.00650376601239
11379		0.0312659115516
11436		0.048828939609
11540		0.031595171685
11560		0.0553584476155
11564		0.035717727513
11634		0.0466315145358
11640		0.0182583795268
11643		0.033623982511
11691		0.0352911562859
11698		0.0182583795268
11717		0.0305705600822
11745		0.0151012770268
11770		0.0103082252431
11798		0.0103082252431
11799		0.0151012770268
11875		0.0195112980372
11892		0.0168119912555
11942		0.0254095022699
11964		0.0547751385804
12033		0.0224993337835
12082		0.0431157842697
12122		0.0
