349
term		tfidf
26		0.0819517120242
49		0.0286408942544
68		0.0185024426365
89		0.0261990117138
112		0.0364306348017
136		0.0293256777505
158		0.0228223912049
168		0.0550069184767
185		0.0325976171217
208		0.0143204471272
218		0.0533108177697
276		0.0622712976542
324		0.0221101876745
328		0.0370048852729
351		0.0417426474074
392		0.148246347798
438		0.0159427067957
475		0.0143204471272
487		0.0246699235153
558		0.0740097705459
632		0.0449325788794
634		0.0622712976542
658		0.0391009036674
692		0.0123349617576
706		0.0282776685533
721		0.0159427067957
797		0.0669327682361
805		0.0240956730441
873		0.0381756246102
874		0.0286408942544
932		0.0173143078019
948		0.020487928006
952		0.0391009036674
995		0.020487928006
1002		0.0195504518337
1094		0.0560956872234
1291		0.0622712976542
1355		0.037544310674
1383		0.0282776685533
1510		0.0275034592384
1511		0.0346286156037
1521		0.0346286156037
1601		0.0622712976542
1697		0.0228223912049
1710		0.0346286156037
1727		0.0143204471272
1747		0.0408864301932
1840		0.0286408942544
1869		0.0252093489163
1897		0.0143204471272
1901		0.0261990117138
2040		0.0622712976542
2047		0.0246699235153
2063		0.0213359783595
2072		0.0195504518337
2100		0.0316347549291
2115		0.0275034592384
2142		0.0252093489163
2151		0.059298539119
2224		0.0334663841181
2244		0.0159427067957
2324		0.0572817885089
2339		0.00616748087882
2345		0.0408864301932
2347		0.0504186978326
2426		0.0533108177697
2438		0.047950850527
2446		0.020487928006
2491		0.0270895337187
2532		0.0185024426365
2563		0.020487928006
2588		0.0898651577587
2623		0.0246699235153
2640		0.020487928006
2642		0.0159427067957
2666		0.0173143078019
2674		0.0449325788794
2680		0.0299615048971
2695		0.0308374043941
2722		0.0572817885089
2728		0.044220375349
2818		0.0213359783595
2862		0.0370048852729
2868		0.020487928006
2904		0.0234817886807
2906		0.0409758560121
2923		0.0560956872234
2985		0.0394244954763
3027		0.0311112042764
3038		0.0370048852729
3057		0.0213359783595
3250		0.0334663841181
3252		0.0185024426365
3326		0.127077936919
3327		0.0456447824097
3419		0.0266554088849
3434		0.0328228897637
3510		0.0234817886807
3544		0.0270895337187
3557		0.0221101876745
3562		0.0709863172587
3576		0.0599230097943
3581		0.0293256777505
3594		0.0354931586294
3599		0.0449325788794
3618		0.0859226827633
3640		0.0234817886807
3643		0.0296492695595
3658		0.0351573529625
3697		0.0278989818681
3705		0.0246699235153
3771		0.0692572312074
3784		0.0296492695595
3787		0.0228223912049
3977		0.0143204471272
4000		0.0123349617576
4012		0.0143204471272
4016		0.0524960717374
4083		0.0246699235153
4149		0.0387650980005
4190		0.0240956730441
4265		0.0246699235153
4358		0.0311112042764
4393		0.0195504518337
4394		0.0524960717374
4444		0.0213359783595
4445		0.0318854135913
4457		0.0709863172587
4640		0.0346286156037
4653		0.044220375349
4656		0.0463041798855
4771		0.00977522591685
4867		0.0346286156037
4913		0.0143204471272
4947		0.00977522591685
4976		0.0234817886807
5043		0.0622712976542
5121		0.0173143078019
5122		0.0560956872234
5124		0.0299615048971
5184		0.0387650980005
5185		0.0213359783595
5211		0.0560956872234
5292		0.0234817886807
5327		0.0429613413817
5339		0.0387650980005
5612		0.0998238498471
5638		0.0586513555011
5674		0.0622712976542
5691		0.0240956730441
5780		0.0493398470306
5783		0.0173143078019
5820		0.163903424048
5952		0.104992143475
5993		0.0586513555011
6015		0.0354931586294
6019		0.0246699235153
6059		0.0409758560121
6212		0.0684671736146
6215		0.0173143078019
6230		0.0261990117138
6338		0.0550069184767
6344		0.0286408942544
6345		0.0195504518337
6393		0.0381756246102
6425		0.0997710437926
6488		0.0246699235153
6504		0.0234817886807
6518		0.0296492695595
6549		0.0426719567191
6589		0.0143204471272
6671		0.0622712976542
6709		0.00977522591685
6721		0.0286408942544
6724		0.351546410093
6746		0.0159427067957
6771		0.0622712976542
6793		0.0622712976542
6831		0.0622712976542
6877		0.0342578205324
6952		0.0299615048971
6961		0.121200154613
7099		0.0195504518337
7104		0.0278989818681
7143		0.0143204471272
7182		0.0
7337		0.0173143078019
7367		0.0387650980005
7379		0.0246699235153
7383		0.070445366042
7386		0.0417426474074
7395		0.0195504518337
7468		0.214806706908
7473		0.148246347798
7487		0.0185024426365
7508		0.0370048852729
7535		0.0278989818681
7550		0.0524960717374
7556		0.047950850527
7589		0.0622712976542
7730		0.0257179327125
7738		0.0286408942544
7740		0.0257179327125
7742		0.0289898720837
7775		0.0370048852729
7813		0.0213359783595
7855		0.0493398470306
7887		0.0195504518337
7920		0.0499119249236
7993		0.0143204471272
7995		0.0185024426365
8056		0.0716022356361
8066		0.0716022356361
8071		0.0123349617576
8125		0.0123349617576
8153		0.0293256777505
8193		0.0523980234276
8226		0.0
8228		0.0246699235153
8231		0.0234817886807
8239		0.0289898720837
8254		0.0195504518337
8276		0.0282776685533
8278		0.0504186978326
8289		0.0364306348017
8299		0.0316347549291
8349		0.0185024426365
8415		0.0605263078458
8473		0.0252093489163
8516		0.0401366990067
8535		0.0555073279094
8620		0.0499119249236
8623		0.0614637840181
8627		0.020487928006
8663		0.0278989818681
8664		0.047950850527
8728		0.0391009036674
8736		0.0252093489163
8737		0.0173143078019
8810		0.0426719567191
8814		0.0370048852729
8838		0.0282776685533
8844		0.00616748087882
8851		0.0246699235153
8876		0.0313768297951
8878		0.0611098220285
8880		0.0338708989609
8883		0.0261990117138
8903		0.0346286156037
8929		0.047950850527
9002		0.0286408942544
9021		0.0394244954763
9134		0.175954066503
9181		0.0627536595903
9241		0.0
9242		0.0
9466		0.11159894757
9467		0.0622712976542
9478		0.0195504518337
9482		0.0426719567191
9519		0.0185024426365
9529		0.0261990117138
9537		0.0541790674374
9538		0.0663305630235
9539		0.0722870191322
9555		0.186813892963
9556		0.0143204471272
9564		0.0123349617576
9658		0.124542595308
9763		0.0185024426365
9768		0.0289898720837
9802		0.0270895337187
9882		0.0185024426365
9959		0.0299615048971
10006		0.0426719567191
10031		0.0185024426365
10057		0.0185024426365
10073		0.0252093489163
10106		0.0469635773614
10119		0.0387650980005
10167		0.0481913460881
10173		0.0173143078019
10210		0.0
10231		0.098468669291
10255		0.0185024426365
10276		0.0364306348017
10308		0.0246699235153
10325		0.124542595308
10343		0.248452110406
10350		0.0318854135913
10354		0.0311112042764
10366		0.0221101876745
10398		0.0266554088849
10420		0.059298539119
10511		0.0370048852729
10520		0.020487928006
10530		0.0812686011561
10606		0.0437117915528
10738		0.020487928006
10770		0.0185024426365
10803		0.0586513555011
10840		0.0159427067957
10841		0.123349617576
10859		0.020487928006
10864		0.0614637840181
10913		0.0246699235153
10944		0.0195504518337
10963		0.0289898720837
11052		0.0328228897637
11054		0.0848330056599
11107		0.0325976171217
11144		0.0246699235153
11176		0.0318854135913
11196		0.0685156410649
11297		0.0523980234276
11371		0.0185024426365
11430		0.0622712976542
11485		0.0293256777505
11574		0.0346286156037
11583		0.0426719567191
11640		0.0519429234056
11682		0.0409758560121
11722		0.0257179327125
11731		0.0213359783595
11745		0.0429613413817
11746		0.0246699235153
11770		0.0195504518337
11777		0.0213359783595
11798		0.0195504518337
11799		0.0143204471272
11826		0.0286408942544
11853		0.0325976171217
11854		0.0437117915528
11862		0.0293256777505
11875		0.0123349617576
11877		0.0417426474074
11892		0.0159427067957
11927		0.0159427067957
11964		0.0173143078019
11981		0.0463041798855
12015		0.0797135339783
12023		0.0622712976542
12035		0.00977522591685
12051		0.0270895337187
12062		0.0550069184767
12085		0.0270895337187
12159		0.070445366042
12160		0.111014655819
12197		0.0354931586294
