358
term		tfidf
68		0.0172104178696
208		0.0266409018508
274		0.10166005546
328		0.0344208357392
365		0.01818524463
436		0.0355098223993
477		0.019846087916
478		0.0133204509254
528		0.0133204509254
553		0.0172104178696
558		0.0172104178696
624		0.01818524463
658		0.01818524463
692		0.0229472238261
701		0.0488302733247
717		0.0239220505866
797		0.0311294279665
892		0.0218420563955
948		0.0762290275277
952		0.01818524463
977		0.0366714846671
986		0.0406593990444
1029		0.0218420563955
1045		0.0446024447143
1060		0.0396921758321
1113		0.0417949388449
1120		0.0286840297827
1219		0.174612965439
1220		0.0446024447143
1383		0.0263030401846
1439		0.0205662342281
1510		0.0255828938726
1542		0.0148294282716
1666		0.016105250439
1670		0.0205662342281
1839		0.0464265773708
1857		0.0488302733247
1897		0.0399613527762
1939		0.0114736119131
2020		0.0291857871313
2066		0.0205662342281
2072		0.01818524463
2074		0.0458944476523
2117		0.0330146729016
2126		0.0259507971743
2139		0.0229472238261
2148		0.0778523915228
2177		0.0579228956397
2200		0.0521785278174
2203		0.0388277601493
2246		0.0488302733247
2253		0.0172104178696
2255		0.030530868795
2303		0.0218420563955
2316		0.0579228956397
2339		0.0229472238261
2362		0.0417949388449
2421		0.0212287046168
2426		0.0247940628385
2431		0.0488302733247
2432		0.0721162657768
2451		0.0579228956397
2480		0.0446024447143
2491		0.025197872754
2545		0.016105250439
2600		0.0396921758321
2621		0.0266409018508
2644		0.019846087916
2670		0.016105250439
2724		0.0579228956397
2728		0.0616987026843
2752		0.0355098223993
2770		0.0338866851535
2779		0.0349225930879
2793		0.0234489811748
2795		0.030530868795
2833		0.0148294282716
2843		0.0406593990444
2861		0.01818524463
2900		0.0406593990444
2901		0.0224130732404
2968		0.0776555202986
2976		0.0291857871313
2979		0.0521785278174
3026		0.0406593990444
3027		0.0578774204621
3057		0.019846087916
3071		0.0269655105734
3128		0.0355098223993
3220		0.0380313325461
3236		0.0148294282716
3240		0.0318655984104
3247		0.0286840297827
3267		0.0212287046168
3268		0.0448261464808
3297		0.043684112791
3299		0.0133204509254
3326		0.00909262231502
3355		0.0464265773708
3405		0.01818524463
3412		0.103803188697
3436		0.0521785278174
3457		0.0488302733247
3506		0.0205662342281
3525		0.0579228956397
3543		0.025197872754
3544		0.025197872754
3551		0.0976605466494
3566		0.0172104178696
3568		0.0521785278174
3569		0.0579228956397
3578		0.0579228956397
3605		0.0309346787105
3618		0.0133204509254
3635		0.0417949388449
3677		0.0133204509254
3681		0.0363704892601
3705		0.0229472238261
3721		0.0148294282716
3731		0.0406593990444
3737		0.0488302733247
3824		0.0511657877451
3834		0.019846087916
3842		0.0133204509254
3965		0.0263030401846
3968		0.0349225930879
4000		0.0114736119131
4031		0.019846087916
4108		0.0488302733247
4117		0.0212287046168
4199		0.0521785278174
4268		0.0464265773708
4393		0.00909262231502
4432		0.0417949388449
4445		0.0593177130862
4472		0.0338866851535
4579		0.0289387102311
4698		0.0406593990444
4808		0.0488302733247
4813		0.0133204509254
4817		0.0278692943096
4845		0.0296588565431
4846		0.0396921758321
4849		0.0521785278174
4882		0.01818524463
4988		0.0776555202986
5031		0.0579228956397
5053		0.0388277601493
5061		0.0291857871313
5082		0.0579228956397
5109		0.0521785278174
5140		0.0396921758321
5163		0.00909262231502
5175		0.0889765696294
5185		0.019846087916
5191		0.0259507971743
5248		0.019846087916
5291		0.0446024447143
5311		0.142106314516
5408		0.086052089348
5568		0.0698451861758
5770		0.104357055635
5813		0.18165558022
5820		0.0381145137639
5909		0.0247940628385
5922		0.0311294279665
5936		0.01818524463
5947		0.0444882848147
6003		0.0133204509254
6070		0.0298856230982
6089		0.0205662342281
6096		0.00909262231502
6184		0.0289387102311
6186		0.0917888953046
6187		0.0229472238261
6212		0.0212287046168
6215		0.0483157513169
6234		0.0349225930879
6236		0.0406593990444
6371		0.0399613527762
6381		0.030530868795
6594		0.0464265773708
6604		0.0355098223993
6613		0.0344208357392
6637		0.0355098223993
6709		0.00909262231502
6724		0.326997939523
6828		0.030530868795
6862		0.01818524463
6877		0.0318655984104
6881		0.0114736119131
6941		0.0521785278174
6995		0.0380313325461
7026		0.0956882023463
7044		0.20871411127
7099		0.00909262231502
7101		0.0355098223993
7104		0.0778523915228
7123		0.0488302733247
7143		0.0133204509254
7153		0.0212287046168
7177		0.0355098223993
7178		0.0234489811748
7273		0.0396921758321
7290		0.0224130732404
7364		0.0263030401846
7394		0.0172104178696
7418		0.0229472238261
7467		0.0269655105734
7468		0.0133204509254
7473		0.027578862352
7523		0.0892048894286
7544		0.0464265773708
7550		0.0488302733247
7563		0.0148294282716
7629		0.030530868795
7722		0.0239220505866
7730		0.0239220505866
7738		0.0133204509254
7764		0.0322105008779
7855		0.0344208357392
7886		0.0380313325461
7952		0.0284212629033
8027		0.0579228956397
8066		0.0266409018508
8071		0.0229472238261
8076		0.0269655105734
8093		0.030530868795
8115		0.0776555202986
8125		0.0114736119131
8130		0.0388277601493
8150		0.0330146729016
8153		0.0363704892601
8184		0.0488302733247
8228		0.0114736119131
8282		0.019846087916
8323		0.133848632708
8341		0.0322105008779
8342		0.0296588565431
8355		0.0519015943485
8400		0.0430707610123
8413		0.0330146729016
8548		0.0430707610123
8582		0.0344208357392
8616		0.0239220505866
8621		0.0338866851535
8651		0.0464265773708
8654		0.016105250439
8676		0.0172104178696
8677		0.0255828938726
8692		0.0579228956397
8711		0.0478441011732
8717		0.028149879197
8759		0.0579228956397
8792		0.00909262231502
8795		0.027578862352
8805		0.0349225930879
8838		0.0526060803693
8846		0.0224130732404
8875		0.0446024447143
8876		0.0291857871313
8880		0.0315056955554
8882		0.0373339550558
8911		0.0344208357392
9048		0.0344208357392
9168		0.028149879197
9170		0.066602254627
9171		0.027578862352
9176		0.0114736119131
9188		0.0579228956397
9199		0.0521785278174
9241		0.0
9292		0.025197872754
9348		0.0381145137639
9470		0.0205662342281
9482		0.019846087916
9484		0.0488302733247
9485		0.0344208357392
9496		0.0289387102311
9537		0.277176600294
9538		0.164529873825
9539		0.201717659164
9732		0.0406593990444
9848		0.0464265773708
9876		0.0296588565431
9881		0.0488302733247
9882		0.0172104178696
9884		0.0373339550558
9959		0.0278692943096
9960		0.0573680595654
10000		0.01818524463
10017		0.0247940628385
10069		0.0488302733247
10087		0.0464265773708
10155		0.0579228956397
10179		0.0521785278174
10204		0.0148294282716
10210		0.0
10276		0.0338866851535
10286		0.0360581328884
10319		0.0259507971743
10330		0.0464265773708
10350		0.0296588565431
10351		0.0338866851535
10385		0.0406593990444
10421		0.0579228956397
10450		0.0746679101116
10451		0.0703469435244
10463		0.019846087916
10470		0.0172104178696
10484		0.0430707610123
10515		0.0366714846671
10538		0.0381145137639
10550		0.110014454001
10578		0.027578862352
10626		0.0710196447986
10650		0.0148294282716
10715		0.0266409018508
10735		0.0296588565431
10756		0.0380313325461
10803		0.01818524463
10859		0.0190572568819
10860		0.0483157513169
10887		0.0266409018508
10897		0.0417949388449
10913		0.00573680595654
10944		0.00909262231502
11032		0.0322105008779
11099		0.0296588565431
11172		0.104357055635
11176		0.0889765696294
11212		0.0294257013644
11226		0.0579228956397
11246		0.0579228956397
11283		0.0446024447143
11297		0.0243695358621
11316		0.0579228956397
11371		0.00573680595654
11406		0.0406593990444
11483		0.0579228956397
11568		0.0579228956397
11606		0.0315056955554
11607		0.0417949388449
11682		0.0190572568819
11683		0.0578774204621
11697		0.114093997638
11731		0.019846087916
11745		0.0266409018508
11767		0.0360581328884
11770		0.01818524463
11799		0.119884058329
11826		0.0133204509254
11860		0.0218420563955
11899		0.0363704892601
11964		0.016105250439
12044		0.0229472238261
12122		0.0
12160		0.086052089348
