358
term		tfidf
56		0.0249959066947
68		0.0143945467636
85		0.0436413725926
102		0.0575781870543
104		0.0172013034541
136		0.0228148168352
157		0.0360237670132
185		0.0253603231346
199		0.0152098778901
212		0.0182683828237
234		0.0124031211996
247		0.0436413725926
285		0.0360237670132
324		0.0172013034541
328		0.0287890935272
478		0.0111410341812
485		0.0283423376353
487		0.0191927290181
534		0.0219994857086
558		0.0287890935272
610		0.0222820683624
624		0.0304197557802
692		0.0287890935272
693		0.0255355809448
717		0.0200080601446
719		0.0312255847587
764		0.0230665650782
790		0.0273517486986
815		0.0263509120713
857		0.0237711368219
910		0.0246112347504
952		0.00760493894505
995		0.0159392164357
1002		0.0152098778901
1112		0.0388305237038
1145		0.0196123916709
1177		0.00959636450905
1196		0.0258733217688
1205		0.0408409405382
1278		0.0152098778901
1325		0.0301585053891
1326		0.0200080601446
1344		0.0152098778901
1381		0.0373048453021
1429		0.0434097494096
1498		0.0230665650782
1507		0.0408409405382
1526		0.0436413725926
1545		0.0484458794833
1631		0.0217048747048
1662		0.0436413725926
1663		0.0872827451853
1710		0.0134702005692
1714		0.0237711368219
1727		0.0111410341812
1756		0.0436413725926
1782		0.0111410341812
1894		0.0263509120713
1963		0.0213971656578
1967		0.0475422736439
2047		0.00959636450905
2067		0.0177553841895
2074		0.0191927290181
2077		0.0182683828237
2091		0.0388305237038
2111		0.02920875618
2146		0.0152098778901
2179		0.0436413725926
2192		0.0143945467636
2193		0.0253603231346
2198		0.0306715040233
2244		0.0248062423992
2322		0.0207373986902
2347		0.0196123916709
2358		0.0767709160724
2394		0.0210751395142
2421		0.0177553841895
2426		0.0207373986902
2449		0.0273517486986
2458		0.0273517486986
2491		0.0421502790285
2532		0.00959636450905
2582		0.0484458794833
2621		0.0111410341812
2630		0.0213971656578
2631		0.0177553841895
2690		0.0388305237038
2721		0.0177553841895
2722		0.0334231025435
2727		0.0388305237038
2728		0.0344026069082
2748		0.0239909112726
2779		0.02920875618
2787		0.0152098778901
2861		0.00760493894505
2862		0.0143945467636
2891		0.0436413725926
2906		0.0318784328714
2911		0.0318088612934
2943		0.0349566876436
3012		0.0360237670132
3054		0.0484458794833
3059		0.0222820683624
3078		0.0111410341812
3117		0.0249959066947
3133		0.0340069384345
3159		0.0287890935272
3250		0.0260362072544
3264		0.0484458794833
3282		0.23367004944
3299		0.0111410341812
3326		0.0304197557802
3390		0.0360237670132
3391		0.0296999063571
3393		0.0632254185427
3415		0.0499918133895
3434		0.0255355809448
3443		0.0239909112726
3510		0.0365367656474
3519		0.02920875618
3571		0.0408409405382
3677		0.0334231025435
3681		0.0152098778901
3715		0.0111410341812
3753		0.0213971656578
3761		0.0159392164357
3775		0.0301585053891
3787		0.0177553841895
3977		0.0111410341812
3979		0.0408409405382
4026		0.0349566876436
4068		0.0436413725926
4091		0.0152098778901
4121		0.0273517486986
4149		0.0301585053891
4172		0.0172013034541
4235		0.0172013034541
4265		0.0191927290181
4344		0.0484458794833
4373		0.0111410341812
4379		0.0484458794833
4393		0.0228148168352
4510		0.0273517486986
4624		0.0230665650782
4627		0.0373048453021
4640		0.0269404011384
4653		0.0172013034541
4671		0.0484458794833
4700		0.0340069384345
4715		0.0111410341812
4771		0.0152098778901
4846		0.0165989834033
4899		0.0306715040233
4901		0.0373048453021
5136		0.0200080601446
5167		0.0484458794833
5185		0.0497969502099
5231		0.0213971656578
5248		0.0331979668066
5271		0.0484458794833
5281		0.0312255847587
5292		0.0182683828237
5295		0.0593998127141
5340		0.0152098778901
5370		0.0258733217688
5546		0.0318784328714
5586		0.209785303833
5638		0.0228148168352
5691		0.0187459731262
5731		0.0301585053891
5745		0.0152098778901
5780		0.00959636450905
5783		0.0404106017075
5804		0.0388305237038
5813		0.0434097494096
5820		0.0318784328714
5947		0.0124031211996
5993		0.0380246947253
6019		0.0191927290181
6053		0.0304197557802
6059		0.0159392164357
6096		0.0152098778901
6148		0.0111410341812
6176		0.0484458794833
6216		0.0143945467636
6338		0.0213971656578
6345		0.00760493894505
6371		0.0111410341812
6372		0.0516039103623
6490		0.0324749819225
6547		0.0436413725926
6552		0.0301585053891
6560		0.0575781870543
6594		0.0388305237038
6684		0.163363762153
6699		0.0436413725926
6713		0.0484458794833
6714		0.0968917589666
6724		0.0863672805815
6835		0.0263509120713
6862		0.0152098778901
6881		0.00959636450905
6899		0.0461331301565
6951		0.0408409405382
7099		0.00760493894505
7104		0.0217048747048
7108		0.0213971656578
7128		0.0124031211996
7129		0.0191927290181
7131		0.0152098778901
7143		0.0222820683624
7153		0.0177553841895
7163		0.0324749819225
7164		0.0484458794833
7178		0.0980619583546
7182		0.0
7192		0.0349566876436
7196		0.0200080601446
7230		0.0334231025435
7372		0.0624511695174
7382		0.0304197557802
7418		0.0287890935272
7459		0.0152098778901
7468		0.0334231025435
7658		0.0217048747048
7692		0.02920875618
7716		0.0408409405382
7738		0.0445641367247
7764		0.0269404011384
7782		0.0388305237038
7855		0.0191927290181
7965		0.02920875618
7993		0.0111410341812
8066		0.0222820683624
8071		0.0671745515634
8077		0.111914535906
8153		0.0304197557802
8193		0.0203823304135
8223		0.0196123916709
8226		0.0
8231		0.0913419141185
8237		0.0373048453021
8269		0.0373048453021
8275		0.0312255847587
8276		0.0219994857086
8282		0.0829949170165
8292		0.0237711368219
8293		0.0279872693586
8295		0.0436413725926
8304		0.0210751395142
8309		0.0484458794833
8313		0.0276129990897
8357		0.0165989834033
8417		0.0191927290181
8504		0.0374919462525
8553		0.0230665650782
8574		0.0207373986902
8619		0.0182683828237
8623		0.0159392164357
8736		0.0392247833418
8744		0.0312255847587
8790		0.0613430080466
8792		0.0228148168352
8824		0.0436413725926
8844		0.00479818225453
8846		0.0187459731262
8858		0.0203823304135
8868		0.0279872693586
8883		0.0203823304135
8889		0.0124031211996
8930		0.00959636450905
8939		0.0306715040233
8952		0.0248062423992
9002		0.0111410341812
9022		0.339121156383
9143		0.523696471112
9168		0.0235441553808
9170		0.0111410341812
9171		0.0230665650782
9203		0.0484458794833
9235		0.0225535664441
9241		0.0
9242		0.0
9259		0.0360237670132
9482		0.0165989834033
9487		0.0408409405382
9496		0.0242039223483
9501		0.0283423376353
9503		0.0225535664441
9537		0.0421502790285
9538		0.0860065172705
9539		0.0374919462525
9556		0.0111410341812
9723		0.0276129990897
9763		0.0143945467636
9776		0.0484458794833
9786		0.0217048747048
9818		0.0177553841895
9857		0.0484458794833
9876		0.0248062423992
9882		0.0143945467636
9908		0.0408409405382
9946		0.0484458794833
9958		0.0242039223483
9960		0.0239909112726
10173		0.0269404011384
10210		0.0
10217		0.0304197557802
10251		0.0296999063571
10310		0.0124031211996
10381		0.0287890935272
10399		0.0230665650782
10400		0.0816818810765
10444		0.0318088612934
10540		0.2906752769
10601		0.0246112347504
10650		0.0124031211996
10684		0.0191927290181
10704		0.0340069384345
10735		0.086821848397
10738		0.0159392164357
10750		0.0613430080466
10788		0.0225535664441
10841		0.0191927290181
10913		0.00959636450905
10936		0.0360237670132
10939		0.0484458794833
11076		0.0230665650782
11118		0.0191927290181
11123		0.0196123916709
11134		0.0235441553808
11144		0.00959636450905
11189		0.0225535664441
11274		0.0484458794833
11321		0.0436413725926
11426		0.0318088612934
11431		0.0360237670132
11452		0.0484458794833
11498		0.0331979668066
11534		0.0408409405382
11574		0.0134702005692
11682		0.0159392164357
11731		0.0165989834033
11750		0.0484458794833
11770		0.0380246947253
11798		0.0228148168352
11799		0.0334231025435
11889		0.0408409405382
11898		0.0143945467636
11983		0.0230665650782
12033		0.0165989834033
12035		0.0684444505055
12049		0.0269404011384
12058		0.0200080601446
12113		0.0269404011384
12122		0.0
12160		0.0287890935272
12174		0.0360237670132
