267
term		tfidf
76		0.024052980208
192		0.0350207457023
193		0.119363512049
195		0.0402726362174
298		0.0865070846113
320		0.155855893285
528		0.0397878373496
610		0.0198939186748
623		0.0326208246294
660		0.0350207457023
692		0.0514070665287
770		0.0538523483374
883		0.069337484124
890		0.0607242789666
930		0.024052980208
965		0.0439468988828
1105		0.0607242789666
1126		0.0865070846113
1133		0.0387571750703
1155		0.179045268073
1187		0.0370296075177
1322		0.0416224253686
1344		0.02715942424
1421		0.153577004815
1422		0.109536762342
1504		0.0171356888429
1542		0.0221475565415
1607		0.0779279466426
1632		0.0257035332643
1666		0.024052980208
1670		0.0307154009629
1704		0.0296398718951
1747		0.0567992961351
1786		0.0334736307948
1806		0.0402726362174
1840		0.0397878373496
1874		0.0257035332643
1946		0.0624201927589
1969		0.0284617630962
1995		0.0538523483374
2013		0.190363412425
2016		0.0307154009629
2030		0.0579887503104
2047		0.0171356888429
2128		0.0823773381017
2132		0.0257035332643
2146		0.02715942424
2290		0.0779279466426
2293		0.164305143513
2355		0.138674968248
2358		0.0685427553716
2439		0.0775143501405
2464		0.0865070846113
2507		0.02715942424
2545		0.024052980208
2609		0.0885902261658
2621		0.0397878373496
2693		0.0729273724913
2772		0.0607242789666
2793		0.0350207457023
2816		0.0357272686615
2833		0.0221475565415
2874		0.0729273724913
2910		0.0424467832207
2990		0.0557577720039
3007		0.0521564345452
3014		0.0547683811709
3060		0.0435885901237
3145		0.0514070665287
3167		0.0643256164254
3245		0.05431884848
3252		0.0257035332643
3315		0.100420892384
3369		0.02715942424
3452		0.0392832453843
3456		0.069337484124
3677		0.0198939186748
3679		0.0392832453843
3715		0.0596817560243
3721		0.0221475565415
3787		0.031704791796
3811		0.0514070665287
3916		0.0420414752162
3941		0.0530334538165
4073		0.0416224253686
4117		0.031704791796
4146		0.0416224253686
4155		0.0499752941688
4243		0.0284617630962
4295		0.0350207457023
4373		0.0198939186748
4417		0.0779279466426
4437		0.0481059604159
4438		0.0779279466426
4489		0.0284617630962
4516		0.0475908531063
4596		0.0514070665287
4640		0.024052980208
4764		0.0221475565415
4771		0.02715942424
4791		0.133226331873
4827		0.0506093196377
4913		0.0198939186748
4943		0.01357971212
4947		0.01357971212
4997		0.0464913922079
5025		0.069337484124
5050		0.0439468988828
5052		0.0592797437902
5061		0.0435885901237
5087		0.0729273724913
5124		0.0416224253686
5137		0.0729273724913
5176		0.0499752941688
5250		0.0442951130829
5327		0.0198939186748
5559		0.0257035332643
5578		0.0521564345452
5628		0.0592797437902
5638		0.01357971212
5705		0.0411886690509
5740		0.00856784442145
5780		0.0171356888429
5864		0.172878336061
5887		0.0470533429148
5889		0.0779279466426
5915		0.120817908652
5947		0.0442951130829
5991		0.0221475565415
6009		0.0257035332643
6017		0.0411886690509
6096		0.02715942424
6114		0.0221475565415
6143		0.0221475565415
6148		0.0198939186748
6165		0.0284617630962
6167		0.0382077163166
6193		0.0171356888429
6215		0.024052980208
6243		0.0779279466426
6279		0.0729273724913
6319		0.0714545373229
6367		0.0865070846113
6371		0.0198939186748
6383		0.0557577720039
6412		0.0865070846113
6437		0.0592797437902
6482		0.16109054487
6494		0.0334736307948
6589		0.0198939186748
6644		0.128517666322
6702		0.0865070846113
6703		0.0721589406239
6721		0.0198939186748
6796		0.0721589406239
6903		0.0607242789666
6906		0.121448557933
6943		0.0411886690509
7080		0.0779279466426
7099		0.02715942424
7102		0.0493069807815
7116		0.0171356888429
7128		0.0221475565415
7143		0.0198939186748
7154		0.0370296075177
7182		0.0
7230		0.0198939186748
7296		0.0357272686615
7337		0.024052980208
7394		0.0257035332643
7395		0.01357971212
7396		0.0171356888429
7403		0.0538523483374
7418		0.0342713776858
7667		0.0493069807815
7686		0.0941066858296
7694		0.0521564345452
7792		0.0464913922079
7801		0.069337484124
7814		0.0488404806389
7855		0.0171356888429
7962		0.0470533429148
7993		0.0198939186748
8066		0.0397878373496
8098		0.0350207457023
8153		0.01357971212
8226		0.0
8251		0.0538523483374
8434		0.153577004815
8510		0.0779279466426
8593		0.0607242789666
8631		0.0643256164254
8686		0.063409583592
8722		0.0779279466426
8769		0.0652416492588
8844		0.00856784442145
8863		0.02715942424
8864		0.0764154326331
9150		0.0350207457023
9233		0.0363955820488
9241		0.0
9242		0.0
9274		0.155028700281
9289		0.0334736307948
9300		0.0865070846113
9337		0.0397878373496
9494		0.0624201927589
9517		0.0669472615896
9526		0.0481059604159
9549		0.0607242789666
9558		0.0198939186748
9682		0.0488404806389
9786		0.0387571750703
9797		0.0643256164254
9815		0.0387571750703
9841		0.0530334538165
9939		0.0729273724913
9952		0.069337484124
9955		0.0729273724913
9971		0.124840385518
9976		0.0296398718951
10006		0.0296398718951
10045		0.0493069807815
10050		0.0493069807815
10187		0.0865070846113
10201		0.0865070846113
10210		0.0
10242		0.0607242789666
10264		0.0538523483374
10380		0.0296398718951
10463		0.0592797437902
10471		0.0840829504325
10486		0.0470533429148
10489		0.139257430723
10539		0.0592797437902
10566		0.0666131659365
10637		0.0592797437902
10679		0.0592797437902
10738		0.0569235261925
10875		0.0514070665287
10956		0.01357971212
10971		0.0387571750703
10992		0.0865070846113
11064		0.0334736307948
11065		0.0547683811709
11091		0.02715942424
11107		0.045284503916
11255		0.0779279466426
11358		0.0530334538165
11371		0.0171356888429
11384		0.0439468988828
11439		0.0592797437902
11487		0.0729273724913
11498		0.0296398718951
11638		0.0569235261925
11741		0.045284503916
11770		0.01357971212
11777		0.0296398718951
11790		0.0334736307948
11862		0.04073913636
11863		0.0530334538165
11892		0.0221475565415
11977		0.0521564345452
12013		0.0350207457023
12038		0.024052980208
12044		0.0171356888429
12122		0.0
