279
term		tfidf
60		0.100787367897
84		0.0189381303354
149		0.0252508404472
197		0.114223741205
218		0.0272830791871
343		0.0473945311425
365		0.0200108176103
397		0.0510872298358
410		0.0281510990719
418		0.0410818210307
430		0.0436767779201
432		0.0359852234504
456		0.0473945311425
509		0.0459906322555
530		0.0354440356078
658		0.0200108176103
686		0.0350645092109
687		0.221967609917
721		0.0163181189169
756		0.0396779221437
767		0.060694876055
851		0.0510872298358
909		0.163518622588
952		0.0100054088051
995		0.0209703690753
1002		0.0200108176103
1086		0.275943793533
1093		0.0209703690753
1214		0.0285559353014
1278		0.0600324528308
1304		0.0473945311425
1332		0.0678924870862
1333		0.0281510990719
1547		0.0636875955304
1573		0.0328857689382
1590		0.0146576589635
1602		0.0346684765737
1650		0.0473945311425
1702		0.16089560981
1706		0.0537322270466
1828		0.0537322270466
1916		0.0418492065703
1987		0.0459906322555
2053		0.0189381303354
2123		0.0537322270466
2224		0.0342544363863
2232		0.0126254202236
2322		0.0272830791871
2339		0.0063127101118
2348		0.0293153179269
2439		0.0285559353014
2521		0.0396779221437
2548		0.0537322270466
2566		0.0473945311425
2589		0.0268159349683
2592		0.115774156562
2594		0.0263235277221
2659		0.0272830791871
2666		0.0708880712155
2669		0.0600324528308
2701		0.0459906322555
2713		0.0240347279157
2746		0.0163181189169
2787		0.0200108176103
2813		0.0410818210307
3064		0.262060667521
3073		0.0384283882332
3141		0.0574166047566
3144		0.0281510990719
3164		0.055454853218
3236		0.0163181189169
3322		0.0459906322555
3403		0.0390745680831
3405		0.0100054088051
3501		0.0571118706027
3545		0.0258029680096
3715		0.0146576589635
3747		0.0240347279157
3776		0.0400216352205
3784		0.0303474380275
3801		0.0410818210307
3842		0.0146576589635
3843		0.0490799768882
3846		0.0293153179269
3851		0.0263235277221
3966		0.0289435391405
3977		0.0146576589635
4000		0.0063127101118
4010		0.0390745680831
4031		0.0218383889601
4054		0.0268159349683
4104		0.0493261355372
4190		0.0493261355372
4198		0.044741098345
4205		0.214527479746
4243		0.0209703690753
4295		0.0258029680096
4371		0.0240347279157
4373		0.0293153179269
4388		0.0189381303354
4416		0.0252508404472
4611		0.0390745680831
4637		0.0473945311425
4653		0.0226308290287
4746		0.0252508404472
4771		0.0100054088051
4781		0.0410818210307
4783		0.0537322270466
4805		0.0473945311425
4848		0.0200108176103
4943		0.0300162264154
4956		0.0384283882332
5008		0.0574166047566
5086		0.0378762606708
5121		0.0177220178039
5251		0.0258029680096
5415		0.0418492065703
5471		0.0574166047566
5493		0.0268159349683
5504		0.044741098345
5508		0.0289435391405
5540		0.0418492065703
5572		0.0396779221437
5600		0.0378762606708
5638		0.0100054088051
5691		0.0493261355372
5708		0.0258029680096
5743		0.0363289365272
5823		0.0708880712155
5950		0.0146576589635
5991		0.0163181189169
6003		0.0146576589635
6014		0.0252508404472
6017		0.0303474380275
6112		0.0593450266772
6117		0.0510872298358
6131		0.0574166047566
6132		0.0218383889601
6151		0.0226308290287
6161		0.0894821966899
6203		0.0510872298358
6208		0.0473945311425
6212		0.0233598032268
6245		0.0363289365272
6428		0.0403528468326
6438		0.0574166047566
6469		0.0894821966899
6494		0.295956813223
6560		0.0252508404472
6581		0.0333652120319
6598		0.0146576589635
6757		0.0600324528308
6796		0.0177220178039
6852		0.0400216352205
6861		0.0146576589635
6866		0.0321156781214
6912		0.044741098345
6960		0.0384283882332
7059		0.0537322270466
7143		0.0146576589635
7176		0.0700794096805
7182		0.0
7396		0.0063127101118
7412		0.0384283882332
7418		0.0252508404472
7459		0.080043270441
7535		0.0285559353014
7727		0.0281510990719
7757		0.0233598032268
7781		0.0268159349683
7906		0.0303474380275
7977		0.0473945311425
7983		0.0378762606708
7994		0.0427255856256
7995		0.0378762606708
8014		0.0545661583741
8056		0.0732882948173
8147		0.0342544363863
8153		0.0200108176103
8282		0.0218383889601
8386		0.0189381303354
8417		0.0252508404472
8435		0.0510872298358
8449		0.0510872298358
8460		0.0309757778804
8462		0.0240347279157
8473		0.0258029680096
8493		0.0328857689382
8513		0.0671915785977
8564		0.0593450266772
8608		0.0163181189169
8623		0.0419407381505
8676		0.0189381303354
8792		0.0100054088051
8813		0.0574166047566
8871		0.0218383889601
8903		0.0177220178039
8920		0.0218383889601
8923		0.0390745680831
9000		0.0350645092109
9017		0.0473945311425
9103		0.0340401367208
9134		0.120064905662
9154		0.0459906322555
9176		0.0126254202236
9195		0.0177220178039
9236		0.230200382567
9242		0.0
9285		0.0326362378339
9291		0.0418492065703
9302		0.0427255856256
9308		0.0574166047566
9334		0.0390745680831
9406		0.0306670257509
9409		0.044741098345
9466		0.0979087135016
9481		0.103211872038
9500		0.130544951335
9510		0.0821636420614
9556		0.0732882948173
9558		0.0732882948173
9564		0.126254202236
9628		0.0396779221437
9702		0.0218383889601
9712		0.144208367494
9717		0.0328857689382
9763		0.0189381303354
9820		0.063127101118
9845		0.0263235277221
9868		0.0418492065703
9888		0.134223295035
9966		0.0410818210307
10045		0.0726578730544
10068		0.0459906322555
10074		0.0268159349683
10125		0.0459906322555
10132		0.0490799768882
10165		0.0403528468326
10391		0.0493261355372
10403		0.0403528468326
10411		0.0318437977652
10538		0.0209703690753
10671		0.0340401367208
10762		0.0910423140825
10794		0.0436767779201
10803		0.0400216352205
10814		0.0200108176103
10899		0.0427255856256
10912		0.0390745680831
10913		0.0126254202236
10933		0.027727426609
10944		0.0100054088051
11004		0.0306670257509
11007		0.0318437977652
11014		0.083182279827
11076		0.0303474380275
11189		0.0296725133386
11223		0.0346684765737
11239		0.0473945311425
11515		0.0303474380275
11552		0.0436767779201
11640		0.0708880712155
11681		0.0323796767674
11692		0.0459906322555
11725		0.0459906322555
11738		0.0768567764663
11770		0.0100054088051
11814		0.0209703690753
11853		0.0333652120319
11875		0.0063127101118
11892		0.0163181189169
11913		0.0537322270466
11964		0.0708880712155
11972		0.0226308290287
12014		0.0419407381505
12015		0.0326362378339
12122		0.0
12160		0.0189381303354
12161		0.0390745680831
