277
term		tfidf
21		0.0515157600593
25		0.0369786086941
68		0.0436114540957
76		0.0204054717189
205		0.0399179498685
274		0.0858693626862
336		0.0618683183556
476		0.0529544974061
558		0.0218057270478
721		0.0187889955732
866		0.0506313302618
938		0.0481859803201
948		0.0482913715398
952		0.0115204198906
1155		0.0168771100873
1204		0.0314142614525
1214		0.0328798524326
1220		0.0565116281589
1332		0.0260575712558
1352		0.0588228177598
1398		0.0618683183556
1448		0.0588228177598
1504		0.0145371513652
1660		0.0529544974061
1738		0.0408109434379
1897		0.0168771100873
1926		0.0145371513652
2047		0.0145371513652
2072		0.0230408397812
2074		0.0290743027304
2093		0.0345612596718
2115		0.0324137162215
2148		0.0328798524326
2184		0.0386828371351
2223		0.0502902810778
2328		0.0537938523005
2339		0.0145371513652
2341		0.0515157600593
2385		0.0260575712558
2431		0.123736636711
2432		0.0456859217235
2433		0.0618683183556
2587		0.0369786086941
2631		0.0268969261503
2640		0.0241456857699
2666		0.0408109434379
2669		0.0230408397812
2709		0.0661105816236
2712		0.0661105816236
2713		0.0276740474015
2721		0.0268969261503
2727		0.0588228177598
2770		0.0429346813431
2855		0.0378653060531
2861		0.0115204198906
2862		0.0436114540957
2868		0.0241456857699
2869		0.0268969261503
2964		0.0661105816236
3024		0.0515157600593
3050		0.0319258916095
3177		0.0491950599985
3229		0.0429346813431
3236		0.0187889955732
3253		0.0691225193436
3290		0.0345612596718
3297		0.0276740474015
3303		0.0661105816236
3326		0.057602099453
3327		0.0268969261503
3343		0.0529544974061
3405		0.0230408397812
3412		0.0986395572978
3533		0.0363428784131
3543		0.063851783219
3544		0.0319258916095
3615		0.0429346813431
3630		0.0360099508286
3637		0.0145371513652
3697		0.0328798524326
3737		0.0618683183556
3771		0.0204054717189
3776		0.0230408397812
3787		0.0268969261503
3818		0.0661105816236
3834		0.0251451405389
3842		0.0168771100873
4000		0.00726857568261
4012		0.0168771100873
4075		0.0618683183556
4150		0.0661105816236
4153		0.0502902810778
4308		0.0429346813431
4494		0.0168771100873
4510		0.0414340775155
4617		0.0187889955732
4621		0.0618683183556
4810		0.0308763826257
4813		0.0168771100873
4867		0.0204054717189
4906		0.0303094154638
5058		0.0588228177598
5059		0.0408109434379
5061		0.0369786086941
5095		0.0366655604295
5163		0.0115204198906
5225		0.0618683183556
5227		0.0588228177598
5275		0.0218057270478
5327		0.0168771100873
5360		0.0529544974061
5399		0.0290743027304
5418		0.0661105816236
5453		0.0308763826257
5546		0.0241456857699
5638		0.0115204198906
5740		0.00726857568261
5756		0.0515157600593
5771		0.0314142614525
5812		0.0618683183556
5813		0.0657597048652
5887		0.0399179498685
5939		0.0268969261503
5947		0.0375779911464
5991		0.0187889955732
5993		0.0230408397812
6014		0.0436114540957
6026		0.0481859803201
6143		0.0187889955732
6178		0.0565116281589
6186		0.0581486054609
6193		0.0145371513652
6214		0.0297100330115
6215		0.0408109434379
6235		0.0436114540957
6344		0.0168771100873
6345		0.0115204198906
6372		0.0260575712558
6391		0.0386828371351
6403		0.0473023978692
6721		0.0168771100873
6724		0.30528017867
6754		0.0349426230842
6808		0.11764563552
6952		0.0353106025278
7008		0.0319258916095
7026		0.0606188309276
7031		0.0661105816236
7101		0.179964833073
7123		0.0618683183556
7143		0.0168771100873
7153		0.0268969261503
7182		0.0
7192		0.0529544974061
7395		0.0115204198906
7396		0.0145371513652
7468		0.0337542201745
7487		0.0218057270478
7523		0.0565116281589
7535		0.0328798524326
7563		0.0187889955732
7716		0.0618683183556
7724		0.0565116281589
7738		0.0337542201745
7855		0.0145371513652
7858		0.0251451405389
7891		0.0386828371351
7941		0.0394412160434
7993		0.0168771100873
8028		0.0394412160434
8034		0.0661105816236
8066		0.0168771100873
8069		0.0251451405389
8071		0.0290743027304
8098		0.0297100330115
8101		0.0251451405389
8103		0.105908994812
8135		0.0588228177598
8150		0.0418298353544
8153		0.0115204198906
8226		0.0
8314		0.0241456857699
8327		0.0473023978692
8346		0.0260575712558
8353		0.0449912082683
8359		0.0375779911464
8383		0.0661105816236
8386		0.0218057270478
8395		0.0545709735518
8458		0.0168771100873
8460		0.0356661056605
8504		0.0567950599557
8535		0.0218057270478
8553		0.0349426230842
8728		0.0230408397812
8736		0.0297100330115
8769		0.0276740474015
8785		0.0515157600593
8792		0.0115204198906
8798		0.0314142614525
8851		0.0290743027304
8867		0.0946047957384
8883		0.0308763826257
8903		0.0408109434379
8925		0.0442471843767
8937		0.0363428784131
8991		0.0436114540957
9002		0.0168771100873
9134		0.0230408397812
9170		0.0168771100873
9322		0.0588228177598
9437		0.0241456857699
9466		0.0187889955732
9537		0.574666048971
9538		0.156345427535
9539		0.0567950599557
9619		0.0349426230842
9630		0.0366655604295
9702		0.0251451405389
9712		0.0276740474015
9720		0.0661105816236
9723		0.0418298353544
9732		0.0515157600593
9753		0.100580562156
9788		0.0565116281589
9792		0.0328798524326
9882		0.0218057270478
10099		0.0618683183556
10129		0.0384173460408
10204		0.0187889955732
10210		0.0
10220		0.0429346813431
10231		0.0386828371351
10343		0.0418298353544
10373		0.0399179498685
10380		0.0251451405389
10391		0.0283975299779
10403		0.0464630429747
10489		0.0168771100873
10515		0.0464630429747
10538		0.0482913715398
10606		0.0515157600593
10640		0.0218057270478
10735		0.0375779911464
10779		0.0384173460408
10786		0.0241456857699
10840		0.0187889955732
10913		0.00726857568261
10936		0.0545709735518
10998		0.0456859217235
11064		0.0283975299779
11078		0.0363428784131
11091		0.0230408397812
11123		0.0297100330115
11151		0.123736636711
11203		0.0661105816236
11297		0.0308763826257
11368		0.0303094154638
11371		0.00726857568261
11379		0.0349426230842
11638		0.0241456857699
11698		0.0204054717189
11745		0.0506313302618
11746		0.0290743027304
11770		0.0115204198906
11799		0.118139770611
11875		0.00726857568261
11879		0.0456859217235
11898		0.0218057270478
11964		0.0612164151568
11998		0.0661105816236
12014		0.0241456857699
12015		0.0187889955732
12044		0.0436114540957
12122		0.0
12159		0.0276740474015
12160		0.0872229081913
