477
term		tfidf
68		0.0141128522925
102		0.0141128522925
103		0.0325482982998
110		0.0333414387356
116		0.0576857593295
130		0.0325482982998
131		0.0149122277745
149		0.0188171363899
161		0.0300712771981
174		0.034272601802
195		0.0221122038172
208		0.0109230094123
234		0.0243207959695
260		0.0156272935098
328		0.0141128522925
364		0.0141128522925
365		0.059648911098
413		0.0291186932386
451		0.0168646820822
483		0.0333414387356
528		0.0109230094123
574		0.0156272935098
575		0.0121603979847
608		0.0291186932386
610		0.0327690282369
618		0.0548791434721
655		0.00745611388726
662		0.0318394618879
699		0.0380706287229
705		0.0474978165381
711		0.0380706287229
717		0.019616511872
721		0.0121603979847
770		0.0295683177045
798		0.0243207959695
805		0.0183791232995
837		0.0258352371868
866		0.0109230094123
909		0.0174079197198
930		0.0132065951158
932		0.0132065951158
952		0.00745611388726
1023		0.0380706287229
1029		0.0179108792133
1056		0.0427873315747
1077		0.078466047488
1114		0.0522237591593
1122		0.0333414387356
1278		0.0149122277745
1305		0.0192285864432
1317		0.0141128522925
1343		0.0183791232995
1353		0.068545203604
1384		0.0243207959695
1436		0.520772772797
1439		0.0337293641645
1461		0.071798611622
1511		0.0396197853475
1544		0.149184201642
1562		0.0183791232995
1606		0.0425602411478
1660		0.068545203604
1674		0.0619881270093
1697		0.0174079197198
1713		0.0241296045281
1723		0.0601425543961
1750		0.0447366833235
1752		0.0427873315747
1755		0.0235214204874
1765		0.0723888135844
1782		0.0109230094123
1819		0.0295683177045
1840		0.0218460188246
1864		0.0918956164977
1869		0.0384571728863
1897		0.0218460188246
1926		0.159945659315
1992		0.0507339862012
2008		0.0215689661797
2012		0.034272601802
2022		0.0233059469188
2051		0.0255266909943
2061		0.0226151633108
2069		0.0226151633108
2072		0.0149122277745
2083		0.0731496142517
2117		0.0270726257593
2137		0.0206627090031
2146		0.0149122277745
2151		0.0226151633108
2159		0.029824455549
2160		0.0226151633108
2227		0.0431379323594
2229		0.0353187989331
2244		0.0121603979847
2253		0.0423385568774
2255		0.0250358617047
2291		0.0286371546381
2328		0.0174079197198
2339		0.00940856819497
2345		0.0623727538488
2348		0.0436920376491
2394		0.0206627090031
2446		0.0156272935098
2507		0.029824455549
2532		0.0235214204874
2557		0.0311863769244
2589		0.0199834578488
2615		0.0162741491499
2642		0.0243207959695
2644		0.0325482982998
2646		0.0209784332474
2659		0.0203315776073
2666		0.0396197853475
2669		0.0149122277745
2670		0.0264131902317
2722		0.0218460188246
2728		0.0168646820822
2746		0.0121603979847
2777		0.0226151633108
2795		0.0250358617047
2851		0.023083407397
2861		0.00745611388726
2868		0.0156272935098
2901		0.0183791232995
2993		0.0474605260743
3057		0.0325482982998
3102		0.0206627090031
3140		0.0277876914945
3148		0.0258352371868
3153		0.0400417026509
3162		0.0474978165381
3163		0.0474978165381
3170		0.0221122038172
3219		0.0427873315747
3237		0.0109230094123
3247		0.0235214204874
3268		0.0367582465991
3290		0.0447366833235
3297		0.0358217584266
3299		0.0109230094123
3312		0.0400417026509
3323		0.0353187989331
3326		0.0969294805343
3327		0.0174079197198
3367		0.0541452515185
3382		0.0442244076345
3405		0.0149122277745
3443		0.0235214204874
3446		0.0188171363899
3458		0.034272601802
3478		0.0400417026509
3480		0.0270726257593
3531		0.034272601802
3600		0.0551373698986
3664		0.0192285864432
3709		0.0243207959695
3715		0.0109230094123
3726		0.0286371546381
3747		0.0895543960666
3771		0.0132065951158
3776		0.0149122277745
3842		0.0218460188246
3868		0.0239328705407
3890		0.0221122038172
3963		0.0209784332474
3977		0.0109230094123
4000		0.00470428409749
4007		0.0333414387356
4056		0.0427873315747
4067		0.034272601802
4190		0.0183791232995
4235		0.0168646820822
4243		0.0156272935098
4284		0.0447366833235
4339		0.0474978165381
4346		0.0380706287229
4373		0.0109230094123
4376		0.0264131902317
4382		0.0752685455598
4393		0.0149122277745
4395		0.0358217584266
4399		0.0353187989331
4444		0.0162741491499
4445		0.0243207959695
4456		0.0239328705407
4527		0.0623727538488
4587		0.0474978165381
4596		0.0141128522925
4617		0.0729623879085
4628		0.0400417026509
4649		0.0162741491499
4737		0.0325482982998
4761		0.0365748071258
4786		0.0474978165381
4813		0.0109230094123
4824		0.039233023744
4835		0.0318394618879
4844		0.0333414387356
4845		0.0243207959695
4846		0.0325482982998
4882		0.00745611388726
4906		0.019616511872
4913		0.0109230094123
4943		0.0149122277745
4947		0.0894733666471
4984		0.034272601802
5093		0.0427873315747
5099		0.0268164879147
5121		0.0132065951158
5123		0.0226151633108
5148		0.329770910308
5163		0.0149122277745
5165		0.0873560797157
5191		0.0212801205739
5275		0.0141128522925
5403		0.026130364003
5412		0.048641591939
5506		0.0427873315747
5559		0.0423385568774
5579		0.0218460188246
5638		0.00745611388726
5639		0.0625091740391
5700		0.0528263804634
5882		0.0427873315747
5909		0.0203315776073
5936		0.0149122277745
5950		0.0218460188246
5962		0.0761412574457
5991		0.0121603979847
5993		0.0223683416618
5994		0.0235214204874
6009		0.0141128522925
6014		0.0470428409749
6026		0.0311863769244
6096		0.0149122277745
6104		0.0226151633108
6105		0.0318394618879
6108		0.034272601802
6148		0.0218460188246
6213		0.068545203604
6258		0.0400417026509
6345		0.00745611388726
6362		0.0365748071258
6372		0.0168646820822
6482		0.0221122038172
6553		0.0183791232995
6563		0.0601425543961
6570		0.0121603979847
6589		0.0327690282369
6596		0.019616511872
6618		0.0300712771981
6628		0.0215689661797
6658		0.0427873315747
6703		0.0132065951158
6721		0.0109230094123
6754		0.0452303266216
6757		0.029824455549
6797		0.0199834578488
6854		0.0306145148356
6888		0.0800834053017
6902		0.0365748071258
6910		0.0132065951158
6974		0.0400417026509
7087		0.0325482982998
7099		0.059648911098
7102		0.0270726257593
7128		0.0121603979847
7143		0.0109230094123
7153		0.0174079197198
7182		0.0
7189		0.0235214204874
7196		0.019616511872
7267		0.0282257045849
7318		0.0226151633108
7350		0.0902138315942
7375		0.027439571736
7394		0.0282257045849
7395		0.0671050249853
7396		0.00470428409749
7418		0.00940856819497
7459		0.00745611388726
7466		0.048641591939
7467		0.0221122038172
7487		0.0705642614623
7540		0.0325482982998
7554		0.0286371546381
7622		0.0855746631493
7648		0.0380706287229
7656		0.0427873315747
7706		0.0804494637442
7721		0.0505940462467
7722		0.019616511872
7727		0.0209784332474
7738		0.0109230094123
7747		0.0221122038172
7789		0.0353187989331
7850		0.0500717234095
7855		0.00940856819497
7868		0.024864033607
7916		0.0353187989331
8000		0.00940856819497
8009		0.0245067486245
8024		0.0376342727799
8056		0.0218460188246
8066		0.0109230094123
8071		0.00940856819497
8084		0.0427873315747
8101		0.0162741491499
8123		0.0149122277745
8152		0.0325482982998
8153		0.0149122277745
8175		0.0270726257593
8197		0.0282257045849
8214		0.0141128522925
8223		0.0192285864432
8226		0.0
8228		0.0188171363899
8259		0.027439571736
8262		0.0291186932386
8273		0.0325482982998
8304		0.0206627090031
8314		0.0781364675489
8349		0.0423385568774
8353		0.0291186932386
8376		0.0364811939542
8415		0.0461668147941
8458		0.0109230094123
8470		0.0400417026509
8504		0.0183791232995
8523		0.024864033607
8524		0.0427873315747
8527		0.0168646820822
8535		0.0141128522925
8605		0.027439571736
8661		0.0365748071258
8674		0.0174079197198
8676		0.0141128522925
8719		0.0419568664948
8751		0.0855746631493
8841		0.0270726257593
8852		0.0447366833235
8858		0.0199834578488
8889		0.0243207959695
8900		0.0380706287229
8956		0.0226151633108
9002		0.0109230094123
9027		0.0400417026509
9072		0.0212801205739
9078		0.0209784332474
9108		0.0474978165381
9134		0.0149122277745
9136		0.0192285864432
9176		0.00940856819497
9241		0.0
9242		0.0
9273		0.0333414387356
9337		0.0327690282369
9356		0.0188171363899
9361		0.0761412574457
9376		0.0174079197198
9388		0.0203315776073
9452		0.0358217584266
9466		0.0121603979847
9471		0.0121603979847
9478		0.0223683416618
9482		0.0162741491499
9514		0.019616511872
9515		0.0282257045849
9528		0.0264131902317
9551		0.0226151633108
9556		0.0218460188246
9558		0.0218460188246
9564		0.0282257045849
9569		0.0237302630372
9581		0.0325482982998
9619		0.0452303266216
9637		0.0474978165381
9693		0.0212801205739
9711		0.0212801205739
9763		0.0282257045849
9802		0.0206627090031
9818		0.0174079197198
9848		0.0380706287229
9890		0.0223683416618
9948		0.0306145148356
9952		0.0380706287229
9958		0.0237302630372
9978		0.0380706287229
10000		0.059648911098
10051		0.0325482982998
10057		0.0141128522925
10062		0.0149122277745
10064		0.0199834578488
10068		0.068545203604
10092		0.0277876914945
10157		0.0192285864432
10171		0.0209784332474
10177		0.0253669931006
10190		0.0141128522925
10210		0.0
10213		0.0156272935098
10255		0.0846771137548
10308		0.0376342727799
10352		0.0250358617047
10370		0.0295683177045
10375		0.034272601802
10418		0.034272601802
10420		0.0226151633108
10453		0.0226151633108
10489		0.0109230094123
10511		0.0188171363899
10516		0.0638403617216
10520		0.0156272935098
10593		0.0400417026509
10594		0.0245067486245
10698		0.0442244076345
10708		0.0183791232995
10770		0.0141128522925
10798		0.0162741491499
10803		0.0149122277745
10822		0.034272601802
10823		0.0427873315747
10860		0.0528263804634
10874		0.0353187989331
10883		0.0353187989331
10898		0.0500717234095
10913		0.00470428409749
10929		0.0245067486245
10956		0.00745611388726
10979		0.0218460188246
11015		0.0427873315747
11023		0.0300712771981
11029		0.0442244076345
11052		0.0250358617047
11091		0.0149122277745
11144		0.00940856819497
11176		0.0121603979847
11191		0.0295683177045
11292		0.0295683177045
11371		0.00940856819497
11372		0.026130364003
11398		0.0250358617047
11634		0.0168646820822
11640		0.0132065951158
11684		0.0427873315747
11701		0.0474978165381
11745		0.0436920376491
11746		0.0376342727799
11777		0.0162741491499
11786		0.0183791232995
11787		0.068545203604
11826		0.0109230094123
11830		0.0488224474497
11844		0.019616511872
11860		0.0179108792133
11864		0.0209784332474
11875		0.0188171363899
11877		0.0318394618879
11898		0.0282257045849
11927		0.133764377832
11929		0.027439571736
11942		0.0183791232995
11948		0.0423385568774
11957		0.0132065951158
11964		0.0132065951158
11972		0.0337293641645
11975		0.0380706287229
11988		0.0179108792133
12014		0.0156272935098
12033		0.0162741491499
12035		0.0521927972108
12056		0.0291186932386
12122		0.0
12142		0.0337293641645
12150		0.0353187989331
12196		0.024864033607
