358
term		tfidf
29		0.0201682251689
31		0.0471801631736
102		0.0349795470335
104		0.0209000607346
228		0.015070136229
240		0.0437698759558
274		0.0688734524703
285		0.0437698759558
324		0.0627001822037
338		0.0413193733006
356		0.0413193733006
558		0.0174897735168
572		0.0280265162672
610		0.0135366655006
659		0.0233196980224
692		0.0116598490112
845		0.0403364503378
932		0.032733334512
939		0.0496228753817
948		0.0968329500309
1161		0.0530254779912
1246		0.0344367262352
1278		0.0184804234468
1317		0.0174897735168
1384		0.030140272458
1408		0.0424733449288
1429		0.0527440494003
1455		0.0453264216045
1504		0.0116598490112
1511		0.016366667256
1521		0.032733334512
1648		0.0496228753817
1666		0.016366667256
1674		0.0256068789794
1694		0.0247650967086
1697		0.0215732841942
1704		0.0201682251689
1715		0.0424733449288
1727		0.0135366655006
1767		0.0530254779912
1782		0.0135366655006
1806		0.0274032086998
1819		0.0366434204232
1863		0.0135366655006
1967		0.144412952377
2047		0.0116598490112
2053		0.0349795470335
2080		0.0299033327566
2115		0.0259981496745
2139		0.0233196980224
2146		0.0184804234468
2151		0.0280265162672
2157		0.030370719837
2167		0.0233196980224
2203		0.0789160073067
2208		0.0193665900062
2212		0.030140272458
2232		0.0116598490112
2244		0.030140272458
2264		0.022776877224
2324		0.0270733310012
2339		0.00582992450559
2421		0.0215732841942
2430		0.0184804234468
2532		0.00582992450559
2545		0.016366667256
2589		0.0247650967086
2590		0.0437698759558
2615		0.0201682251689
2640		0.0193665900062
2666		0.016366667256
2670		0.016366667256
2703		0.0453264216045
2722		0.0135366655006
2779		0.0354894487951
2787		0.0184804234468
2861		0.00924021172339
2870		0.0332331332054
2980		0.0471801631736
3108		0.0530254779912
3113		0.034005308432
3126		0.0530254779912
3229		0.0344367262352
3236		0.015070136229
3247		0.0291496225279
3282		0.0354894487951
3326		0.0554412703404
3369		0.0184804234468
3405		0.00924021172339
3416		0.0263720247002
3485		0.0251965145118
3510		0.0221965917616
3521		0.0512137579588
3543		0.0768206369381
3576		0.0283216624512
3627		0.0184804234468
3654		0.0294084368923
3664		0.0238295997839
3677		0.0406099965018
3715		0.0135366655006
3770		0.0360862098811
3771		0.114566670792
3845		0.0238295997839
3851		0.0243103479524
3922		0.0294084368923
3928		0.0779944490235
3952		0.0267299852402
4012		0.0406099965018
4019		0.0588630871051
4091		0.0184804234468
4116		0.0541466620024
4160		0.0437698759558
4172		0.0209000607346
4235		0.0418001214691
4262		0.0221965917616
4265		0.0116598490112
4284		0.0184804234468
4335		0.0530254779912
4353		0.034005308432
4388		0.0174897735168
4393		0.0646814820637
4425		0.0372667279906
4450		0.0992457507634
4526		0.031436803485
4579		0.0294084368923
4596		0.0174897735168
4631		0.0323828336649
4640		0.016366667256
4641		0.0858204051887
4643		0.0496228753817
4695		0.0471801631736
4734		0.0215732841942
4771		0.00924021172339
4900		0.0453264216045
4943		0.00924021172339
5046		0.0530254779912
5060		0.031436803485
5121		0.016366667256
5148		0.0628736069699
5163		0.00924021172339
5185		0.0201682251689
5190		0.0215732841942
5235		0.015070136229
5283		0.0366434204232
5292		0.0443931835231
5293		0.0471801631736
5323		0.032733334512
5324		0.0530254779912
5327		0.0135366655006
5338		0.0349795470335
5340		0.0369608468936
5429		0.0335505596758
5565		0.0184804234468
5813		0.0527440494003
5820		0.309865440099
5825		0.0471801631736
5936		0.0184804234468
5937		0.0294084368923
5970		0.0349795470335
5978		0.022776877224
5993		0.0369608468936
5994		0.0291496225279
6002		0.0471801631736
6014		0.0116598490112
6019		0.0466393960447
6023		0.0572136034592
6024		0.068010616864
6053		0.0369608468936
6059		0.0193665900062
6089		0.0209000607346
6096		0.0184804234468
6166		0.106050955982
6186		0.0233196980224
6187		0.0233196980224
6198		0.0320170889474
6333		0.0174897735168
6338		0.0259981496745
6344		0.0135366655006
6345		0.0184804234468
6381		0.0310264390174
6444		0.154594594463
6445		0.0394580036534
6570		0.0602805449159
6589		0.0270733310012
6598		0.0270733310012
6616		0.0530254779912
6630		0.0215732841942
6705		0.0530254779912
6709		0.0184804234468
6724		0.437244337919
6746		0.0904208173739
6747		0.0288825904754
6764		0.0403364503378
6816		0.0530254779912
6835		0.0320170889474
6861		0.0406099965018
6876		0.0424733449288
6877		0.0971485009946
6910		0.016366667256
6922		0.0215732841942
7099		0.0184804234468
7135		0.0360862098811
7152		0.0476591995678
7176		0.0215732841942
7177		0.0360862098811
7182		0.0
7189		0.0291496225279
7230		0.0270733310012
7242		0.0530254779912
7244		0.0530254779912
7290		0.045553754448
7303		0.0267299852402
7308		0.022776877224
7314		0.0437698759558
7383		0.0221965917616
7394		0.0174897735168
7395		0.00924021172339
7418		0.0116598490112
7464		0.0323828336649
7468		0.067683327503
7487		0.0174897735168
7490		0.0354894487951
7672		0.0320170889474
7701		0.106050955982
7709		0.0530254779912
7715		0.0394580036534
7719		0.0530254779912
7720		0.0530254779912
7730		0.170172435667
7738		0.135366655006
7757		0.0215732841942
7760		0.0453264216045
7802		0.121009351013
7855		0.0116598490112
7887		0.0184804234468
8002		0.0174897735168
8071		0.0699590940671
8100		0.0259981496745
8101		0.0201682251689
8126		0.0201682251689
8153		0.00924021172339
8226		0.0
8228		0.0233196980224
8231		0.0221965917616
8282		0.0403364503378
8314		0.0387331800124
8325		0.0403364503378
8376		0.015070136229
8386		0.0174897735168
8443		0.0530254779912
8458		0.0135366655006
8653		0.0174897735168
8663		0.0263720247002
8771		0.0193665900062
8772		0.0274032086998
8786		0.0413193733006
8792		0.0369608468936
8838		0.0267299852402
8844		0.00582992450559
8846		0.045553754448
8851		0.0233196980224
8874		0.0431465683885
8891		0.0209000607346
8896		0.0496228753817
8903		0.016366667256
8930		0.0116598490112
8951		0.0360862098811
8952		0.0904208173739
8953		0.0386486486157
9170		0.0270733310012
9176		0.0233196980224
9194		0.0349795470335
9241		0.0
9242		0.0
9292		0.0256068789794
9337		0.108293324005
9343		0.0530254779912
9373		0.0403364503378
9376		0.0215732841942
9452		0.0221965917616
9532		0.0263720247002
9533		0.0233196980224
9537		0.0256068789794
9538		0.0627001822037
9539		0.045553754448
9690		0.0349795470335
9882		0.0174897735168
9899		0.0135366655006
9959		0.0849649873535
10000		0.0554412703404
10006		0.0201682251689
10062		0.0184804234468
10073		0.0476591995678
10081		0.0247650967086
10108		0.0135366655006
10145		0.0323828336649
10167		0.022776877224
10190		0.0174897735168
10199		0.0424733449288
10210		0.0
10268		0.0496228753817
10296		0.0496228753817
10370		0.0366434204232
10380		0.0201682251689
10407		0.0530254779912
10444		0.0386486486157
10511		0.0349795470335
10516		0.0527440494003
10565		0.0386486486157
10579		0.0772972972314
10580		0.0453264216045
10594		0.030370719837
10650		0.015070136229
10691		0.0270733310012
10735		0.015070136229
10764		0.0316347138672
10864		0.0193665900062
10871		0.0437698759558
10872		0.0453264216045
10907		0.198491501527
10913		0.00582992450559
11078		0.0291496225279
11091		0.0369608468936
11144		0.0233196980224
11247		0.0366434204232
11324		0.0413193733006
11371		0.0116598490112
11372		0.0323828336649
11384		0.0299033327566
11508		0.0496228753817
11574		0.016366667256
11620		0.0530254779912
11640		0.016366667256
11718		0.0471801631736
11731		0.0201682251689
11745		0.0135366655006
11770		0.00924021172339
11786		0.045553754448
11798		0.0277206351702
11799		0.0135366655006
11875		0.00582992450559
11877		0.0394580036534
11885		0.0259981496745
11898		0.0174897735168
11948		0.0874488675838
11964		0.016366667256
11977		0.0354894487951
11988		0.0221965917616
12015		0.030140272458
12035		0.0184804234468
12044		0.0116598490112
12062		0.0259981496745
12066		0.106050955982
12122		0.0
12155		0.0530254779912
12159		0.110982958808
12160		0.0524693205503
12161		0.180431049406
