299
term		tfidf
26		0.0156201635237
60		0.0500488780786
151		0.0268042528348
192		0.0192198133595
195		0.022102115077
206		0.0474761455578
208		0.0109180257659
351		0.0318249350654
365		0.00745271201935
401		0.0333262266329
418		0.0306005468978
530		0.0264011391572
575		0.0121548497772
649		0.0380532589171
687		0.0183707377852
721		0.0121548497772
756		0.0295548270963
779		0.0380532589171
798		0.0486193991087
909		0.0173999773192
932		0.0132005695786
1029		0.0358054146728
1075		0.0318249350654
1093		0.0312403270474
1120		0.0235106887891
1223		0.0365581197919
1231		0.0342569648541
1232		0.0291054077725
1243		0.0282128265469
1244		0.0474761455578
1248		0.0380532589171
1278		0.0596216961548
1353		0.0342569648541
1504		0.0188085510312
1536		0.0400234335384
1547		0.569266465294
1563		0.0619598447938
1666		0.0132005695786
1702		0.0199743403534
1704		0.0488001721037
1711		0.0325334480691
1727		0.0109180257659
1851		0.0274270523728
1939		0.00940427551562
1964		0.0873162233176
2045		0.0270602738159
2047		0.0658299286093
2066		0.016856987535
2096		0.0156201635237
2295		0.0474761455578
2348		0.0218360515318
2371		0.0239219511173
2524		0.0311721480733
2532		0.0141064132734
2576		0.0244955673681
2592		0.452741631148
2659		0.0203223012815
2666		0.0264011391572
2669		0.0149054240387
2691		0.0241185953445
2784		0.0226048450942
2806		0.0156201635237
2861		0.0149054240387
2862		0.098744892914
2904		0.0179027073364
2919		0.025515044387
2929		0.0365581197919
2933		0.0300575571136
2974		0.0333262266329
3101		0.0425408229467
3136		0.0333262266329
3164		0.0413065631959
3228		0.0474761455578
3229		0.0277750133009
3300		0.0474761455578
3318		0.0474761455578
3343		0.0342569648541
3405		0.0223581360581
3413		0.0400234335384
3415		0.0244955673681
3501		0.106352057367
3541		0.0474761455578
3557		0.016856987535
3581		0.0223581360581
3582		0.0427678097631
3618		0.0327540772977
3677		0.0109180257659
3693		0.0149054240387
3721		0.0121548497772
3747		0.0537081220092
3751		0.0244955673681
3824		0.0209688617924
3830		0.0228428958639
3831		0.0427678097631
3842		0.0327540772977
3851		0.0196075617965
3880		0.0500488780786
3903		0.0300575571136
3958		0.0380532589171
3966		0.0215591252928
3977		0.0109180257659
3985		0.0156201635237
4000		0.00470213775781
4010		0.174632446635
4047		0.0199743403534
4049		0.0209688617924
4111		0.0474761455578
4146		0.0228428958639
4156		0.0400234335384
4205		0.099871701767
4243		0.0156201635237
4322		0.0244955673681
4331		0.0365581197919
4363		0.0582108155451
4373		0.0327540772977
4388		0.0282128265469
4397		0.0582108155451
4416		0.0376171020625
4435		0.0400234335384
4444		0.0976003442073
4489		0.0624806540948
4573		0.0342569648541
4617		0.0243096995543
4640		0.0132005695786
4641		0.0461457510861
4672		0.0295548270963
4715		0.0109180257659
4743		0.0244955673681
4746		0.0376171020625
4764		0.0121548497772
4804		0.0474761455578
4818		0.0311721480733
4834		0.0670744081742
4848		0.0298108480774
4935		0.0291054077725
4986		0.0400234335384
5128		0.0277750133009
5508		0.0431182505856
5638		0.0372635600968
5708		0.038439626719
5731		0.0295548270963
5745		0.0149054240387
5780		0.0188085510312
5967		0.0311721480733
5991		0.0243096995543
6014		0.00940427551562
6050		0.0380532589171
6053		0.0149054240387
6059		0.0156201635237
6096		0.0223581360581
6112		0.044204230154
6114		0.0121548497772
6143		0.0243096995543
6148		0.0109180257659
6151		0.0337139750699
6186		0.00940427551562
6187		0.0188085510312
6193		0.00940427551562
6195		0.0342569648541
6215		0.0264011391572
6338		0.0209688617924
6344		0.0218360515318
6345		0.0149054240387
6360		0.0474761455578
6468		0.0223581360581
6494		0.110224426711
6518		0.0452096901884
6558		0.0318249350654
6757		0.0149054240387
6806		0.0239219511173
6845		0.0474761455578
6866		0.0239219511173
7020		0.0474761455578
7176		0.121799841234
7431		0.0286240888751
7459		0.0149054240387
7465		0.0179027073364
7742		0.022102115077
7764		0.0264011391572
7775		0.0282128265469
7858		0.0162667240346
7884		0.0400234335384
7995		0.0705320663672
8014		0.121933807689
8056		0.0655081545953
8059		0.0353026846556
8123		0.0298108480774
8126		0.0162667240346
8146		0.0474761455578
8153		0.00745271201935
8185		0.0274270523728
8231		0.0537081220092
8275		0.0306005468978
8296		0.0291054077725
8318		0.0380532589171
8394		0.0306005468978
8398		0.0209688617924
8461		0.0400234335384
8462		0.0179027073364
8473		0.0192198133595
8487		0.0156201635237
8493		0.0489911347362
8535		0.0141064132734
8608		0.0121548497772
8623		0.0624806540948
8677		0.0209688617924
8696		0.0474761455578
8743		0.0365581197919
8779		0.0318249350654
8875		0.0365581197919
8908		0.0427678097631
8928		0.025515044387
8930		0.00940427551562
8987		0.0474761455578
9064		0.0286240888751
9068		0.025515044387
9176		0.0188085510312
9242		0.0
9402		0.0427678097631
9451		0.0270602738159
9466		0.072929098663
9481		0.0192198133595
9500		0.0243096995543
9507		0.0295548270963
9509		0.121548497772
9556		0.098262231893
9564		0.0470213775781
9573		0.0241185953445
9614		0.0250244390393
9690		0.0282128265469
9702		0.0162667240346
9712		0.089513536682
9723		0.0270602738159
9802		0.0206532815979
9815		0.0212704114734
9818		0.0173999773192
9845		0.039215123593
9864		0.0474761455578
9871		0.0353026846556
9895		0.0380532589171
9898		0.0761065178342
9911		0.0230728755431
9987		0.0949522911156
10074		0.0199743403534
10101		0.0261184419686
10119		0.0295548270963
10190		0.0141064132734
10204		0.0243096995543
10229		0.0380532589171
10244		0.0365581197919
10278		0.0474761455578
10281		0.0427678097631
10297		0.0380532589171
10308		0.0188085510312
10377		0.0636498701307
10380		0.0325334480691
10391		0.0183707377852
10405		0.0223581360581
10512		0.0274270523728
10530		0.0206532815979
10538		0.0156201635237
10609		0.0474761455578
10635		0.0427678097631
10640		0.0141064132734
10706		0.0149054240387
10721		0.0286240888751
10762		0.0226048450942
10803		0.0149054240387
10840		0.0121548497772
10841		0.0188085510312
10887		0.0436721030636
10913		0.0188085510312
11007		0.0237194360539
11014		0.0413065631959
11102		0.0300575571136
11144		0.0188085510312
11176		0.0121548497772
11275		0.0474761455578
11283		0.0365581197919
11332		0.0325334480691
11341		0.0400234335384
11347		0.0918016406933
11574		0.0264011391572
11602		0.0230728755431
11640		0.0132005695786
11770		0.0149054240387
11777		0.0162667240346
11798		0.0298108480774
11827		0.0599230210602
11830		0.0162667240346
11860		0.0179027073364
11919		0.0365581197919
11950		0.0270602738159
11957		0.0396017087357
11964		0.0132005695786
11972		0.0337139750699
12015		0.0121548497772
12095		0.0474761455578
12122		0.0
